299
81 9
19 10
104 236
122 156
154 137
22 203
199 249
57 199
135 173
180 103
141 120
274 238
130 16
220 264
111 96
115 27
124 196
56 118
124 37
44 24
79 228
267 244
75 248
41 229
222 261
252 259
98 169
115 136
184 143
71 4
144 213
226 158
94 156
164 2
225 206
231 215
58 44
164 115
201 248
198 214
251 164
134 203
265 194
84 105
104 48
82 126
218 163
144 30
11 84
99 34
74 280
60 73
263 196
101 219
195 179
139 47
59 10
114 156
74 27
184 54
162 163
15 76
56 106
275 185
142 203
122 185
62 158
195 212
41 35
144 215
104 107
104 116
173 54
175 37
221 186
218 165
59 113
267 173
200 250
280 221
255 203
243 162
263 194
24 214
24 117
84 216
144 33
104 140
218 215
19 96
36 255
144 187
124 157
259 250
273 252
144 238
52 202
196 181
34 164
64 177
221 202
254 238
187 222
58 188
134 125
140 240
162 48
37 23
191 193
252 206
104 43
104 23
184 142
142 95
14 45
12 6
15 177
254 168
277 200
102 39
39 184
134 14
281 216
62 5
273 250
44 59
75 116
277 236
18 93
271 249
72 197
162 9
199 176
168 1
115 13
34 267
76 276
40 188
196 238
279 222
24 132
64 24
79 179
21 45
114 148
37 43
124 154
17 203
194 242
97 59
144 267
272 172
227 218
164 137
177 219
275 186
104 74
271 244
117 190
215 189
210 259
119 180
95 29
35 206
244 162
179 40
95 246
119 118
228 264
164 123
94 68
141 170
155 16
280 197
79 237
55 66
42 64
176 218
114 57
242 162
138 128
144 10
154 114
278 170
278 254
142 34
84 134
15 204
64 86
38 38
181 64
39 276
76 94
197 182
117 4
257 197
64 140
34 116
273 247
144 51
55 138
34 35
64 172
42 207
177 216
228 161
197 179
222 237
120 160
200 248
213 259
99 24
219 209
116 60
102 178
178 54
178 93
182 94
16 178
124 13
78 50
42 85
119 174
198 229
60 4
276 191
135 241
36 13
235 265
119 150
37 247
84 106
104 122
102 138
84 27
78 187
24 61
118 43
41 190
36 50
98 133
101 136
231 161
157 104
139 200
14 146
175 26
164 51
178 110
278 205
154 134
41 129
78 156
239 179
39 84
64 191
277 192
158 97
111 109
104 182
112 85
205 252
118 200
279 209
74 286
101 164
212 167
144 151
282 254
84 89
217 262
18 49
102 65
36 75
136 227
134 155
275 172
104 60
234 161
135 113
104 77
216 190
15 244
146 240
212 235
124 153
79 63
249 249
58 53
179 13
164 118
36 183
42 186
84 45
19 233
179 205
136 254
142 254
157 19
121 134
260 239
23 36
15 198
62 135
162 144
79 126
269 247
140 194
162 93
37 180
62 138
280 224
41 127
59 24
254 201
249 214
188 201
183 201
14 184
42 195
121 8
44 217
18 239
75 137
42 27
79 157
24 111
154 116
164 47
81 239
244 225
36 164
35 189
270 187
82 234
209 258
184 182
115 48
239 162
75 226
16 18
175 16
278 207
101 109
44 125
121 156
232 207
77 209
104 119
64 48
221 213
104 185
274 190
137 110
162 145
75 134
20 18
256 165
42 128
34 277
84 127
58 139
64 19
14 137
145 226
254 257
137 181
152 14
115 54
54 195
200 196
144 214
110 97
100 214
24 5
168 212
56 35
62 68
57 43
74 288
138 144
158 74
76 96
186 222
244 247
142 15
64 79
184 66
138 80
84 263
58 45
104 270
54 136
62 59
119 144
137 74
14 175
183 57
101 59
16 7
116 153
76 90
20 20
230 217
77 289
140 120
203 231
135 127
136 226
39 86
104 124
264 174
201 252
227 219
86 66
269 245
102 154
95 263
77 93
12 156
184 35
62 105
19 157
236 244
98 43
61 33
38 46
97 234
124 44
101 236
233 264
159 3
77 250
75 89
44 48
58 27
38 39
61 60
42 258
80 225
142 170
280 220
60 164
58 49
84 86
82 167
140 226
223 240
257 249
263 174
115 160
65 187
235 262
61 154
263 253
76 15
20 210
51 202
202 175
51 126
144 77
18 97
142 57
208 215
80 236
75 197
37 34
82 65
253 165
124 128
208 234
181 29
14 214
64 6
118 115
64 113
98 139
93 15
157 73
144 225
76 133
144 50
21 17
141 244
140 79
137 250
144 268
36 189
18 89
232 183
218 237
74 93
64 68
74 28
141 113
274 250
153 133
170 209
121 14
184 184
124 16
136 250
135 76
84 272
147 241
225 184
229 214
12 116
140 206
121 99
267 174
217 216
172 213
64 152
99 23
229 215
278 198
15 235
196 240
118 63
238 266
22 89
58 138
144 266
104 271
39 179
161 143
124 91
292 168
34 268
115 176
15 184
140 110
184 41
91 210
205 214
207 168
159 28
97 54
44 74
40 193
42 73
144 252
210 192
189 228
144 90
134 24
138 143
124 110
135 252
283 172
46 184
35 185
144 256
97 109
18 209
32 264
136 119
177 1
12 8
118 53
253 202
82 208
102 169
192 190
62 48
24 179
42 48
54 177
178 205
234 264
182 76
36 278
223 163
162 146
138 221
96 248
161 45
76 274
141 65
156 94
34 259
224 218
121 27
264 192
140 241
142 70
59 49
264 191
84 18
273 241
134 97
112 160
262 171
57 125
17 77
76 209
121 202
240 162
141 39
95 144
94 268
104 129
182 15
178 13
74 285
249 176
144 79
104 73
134 185
176 109
196 241
197 183
244 248
174 218
42 107
35 199
141 226
270 174
136 114
44 219
57 59
37 279
53 4
143 1
116 188
262 252
101 104
21 229
13 10
286 168
116 5
81 28
134 214
187 8
35 49
70 126
97 40
250 207
217 259
15 114
76 248
235 162
156 93
135 124
180 8
142 46
102 37
24 16
178 90
92 263
80 29
104 257
198 227
257 200
96 4
138 255
231 209
181 6
142 63
59 104
18 237
101 143
24 134
64 13
140 108
75 88
156 33
94 177
98 207
261 251
55 195
184 104
119 54
80 180
164 21
62 34
98 250
249 165
233 207
141 127
190 193
41 277
14 219
261 171
225 217
42 109
74 6
164 70
62 19
263 195
14 187
278 231
195 180
212 213
188 198
101 60
173 76
117 64
44 135
136 115
95 110
74 208
117 160
164 11
122 6
100 44
274 249
84 175
180 89
135 243
84 160
62 78
104 7
16 215
16 185
44 168
258 198
114 48
144 153
96 44
191 234
271 174
238 264
84 15
271 240
143 226
275 194
75 45
15 179
59 34
80 117
178 4
159 45
44 4
234 182
102 157
116 64
193 197
136 172
272 247
189 230
80 50
153 13
164 56
182 221
156 68
120 198
14 236
34 47
16 135
157 144
11 117
16 193
39 247
34 150
156 30
40 163
182 7
17 56
58 33
162 113
24 191
229 159
232 209
272 173
182 35
181 15
24 50
74 117
250 212
287 170
116 179
18 99
248 261
44 261
100 95
81 18
55 198
245 231
44 29
63 197
99 126
231 208
275 237
208 191
192 187
202 249
266 171
235 159
101 256
64 176
273 169
41 177
20 94
179 36
100 103
184 223
232 162
99 16
54 57
227 160
24 150
78 164
278 178
56 119
104 58
18 20
113 86
201 246
42 256
124 10
136 104
44 192
99 156
164 9
37 119
118 153
181 75
140 4
280 201
164 34
134 94
201 249
71 157
205 212
119 106
251 247
72 254
81 179
64 131
136 68
144 12
278 217
38 126
278 225
95 109
24 46
281 212
266 191
55 163
181 18
37 75
180 54
100 133
138 126
161 78
55 128
237 161
76 139
236 243
82 285
135 255
21 210
76 174
156 36
74 99
24 181
122 16
41 258
77 243
259 194
131 144
238 181
101 263
262 169
146 241
200 175
21 124
44 23
78 228
279 205
64 4
140 244
24 186
116 115
74 88
17 93
245 220
264 241
198 244
79 227
19 34
82 66
144 246
140 25
136 170
18 23
208 233
278 221
143 214
231 162
124 56
179 29
245 263
154 17
141 1
162 47
101 249
194 197
119 139
209 192
193 234
16 56
142 79
245 226
104 106
184 199
42 158
184 49
131 17
155 26
98 99
44 152
84 257
64 174
74 127
124 62
261 195
24 239
61 153
154 34
95 19
24 245
118 135
44 177
184 25
177 93
268 174
35 256
141 54
124 81
84 54
249 262
20 14
59 196
98 49
206 172
22 149
206 192
104 201
225 265
144 128
54 150
189 201
84 12
141 245
101 244
97 206
117 140
239 243
78 28
140 96
141 241
158 119
197 213
95 135
84 220
77 179
184 174
54 27
244 221
116 140
96 70
180 203
80 210
24 89
75 206
244 163
115 144
202 174
101 174
175 67
215 235
14 46
234 263
22 146
220 161
175 80
250 260
75 86
102 49
104 229
42 68
246 216
101 144
137 239
224 204
124 49
191 238
154 16
104 136
141 7
177 84
95 168
144 210
104 170
180 219
106 59
279 216
203 175
276 193
172 218
164 8
66 154
124 202
158 6
82 135
144 208
144 277
98 1
137 124
203 250
134 68
199 247
44 185
79 64
44 128
177 109
15 236
62 46
161 119
212 233
250 262
17 34
221 203
214 257
35 109
94 86
39 50
141 129
102 237
121 187
269 171
40 173
60 144
136 80
144 182
185 222
53 16
56 67
20 243
256 204
214 216
61 103
36 43
96 69
184 179
104 163
196 213
164 100
84 63
237 179
142 36
160 13
276 249
276 251
159 4
104 196
38 124
158 64
218 260
241 246
160 100
61 139
82 78
144 237
182 10
62 28
252 233
192 235
208 257
140 256
120 144
56 154
189 194
54 167
248 230
41 13
220 217
277 250
281 200
160 43
219 212
36 129
53 9
139 30
62 153
76 268
55 149
84 104
157 110
42 37
142 6
37 124
171 210
136 185
219 234
172 215
15 146
161 158
78 25
59 73
21 217
111 84
19 183
70 156
55 18
76 74
116 48
22 150
272 243
15 139
111 106
24 205
16 226
250 259
210 257
260 253
21 115
245 265
60 8
252 166
76 173
204 172
16 177
42 236
273 171
174 6
124 90
258 195
42 35
281 170
115 174
81 29
156 75
95 39
32 105
213 213
20 194
11 83
44 267
22 226
157 100
120 133
136 175
44 234
24 42
279 230
37 274
159 80
264 242
274 234
41 34
60 74
101 128
15 87
64 3
64 18
264 172
54 126
24 211
84 214
194 228
164 12
78 197
233 263
154 47
39 264
223 205
41 68
81 139
34 158
81 206
81 197
222 225
213 234
124 109
155 163
104 33
104 118
194 235
21 197
38 74
64 188
186 7
144 257
178 20
37 13
81 69
253 209
206 193
80 243
262 196
52 7
44 89
61 109
21 227
54 19
141 25
55 168
59 138
24 207
245 247
39 26
175 78
259 237
154 14
34 78
122 28
79 230
55 26
214 209
139 104
159 159
55 176
39 180
37 193
121 57
24 71
12 5
11 75
144 93
104 111
194 190
75 113
147 243
212 209
39 198
266 192
99 107
161 24
44 155
79 269
116 120
35 77
181 35
82 206
84 173
237 182
61 65
144 40
278 228
59 120
75 274
59 16
248 246
144 80
139 17
121 158
35 125
51 67
17 28
41 84
40 19
164 114
185 202
82 254
19 243
84 84
280 212
202 228
204 233
84 47
274 248
116 199
137 46
184 116
34 16
64 10
251 163
273 242
71 199
255 236
95 146
235 161
40 25
222 161
114 134
158 7
84 141
79 30
118 3
135 109
253 166
44 227
184 222
144 234
80 69
164 65
259 249
141 79
191 226
228 182
15 227
139 240
229 238
141 5
58 73
162 107
253 259
244 222
24 235
99 130
42 6
181 219
233 218
203 176
17 115
269 253
135 194
18 150
54 16
222 162
162 150
164 19
22 198
57 145
15 13
94 104
80 245
144 250
54 113
77 50
211 169
195 241
57 139
75 177
124 65
140 130
102 167
205 171
15 133
134 16
135 206
95 18
176 207
40 154
164 16
280 209
38 269
133 144
144 22
72 15
37 123
55 174
37 174
242 244
144 260
44 250
184 68
16 176
37 84
54 197
269 189
176 105
224 208
57 79
99 109
62 30
44 140
14 37
16 15
55 148
41 113
200 247
190 212
174 18
272 187
141 104
104 90
137 123
245 264
99 180
96 90
176 84
279 229
61 197
289 166
34 247
99 245
144 120
24 66
274 180
237 266
164 89
84 28
176 216
187 224
221 262
77 113
41 105
40 73
144 136
84 196
262 195
104 179
170 213
181 59
236 262
180 218
235 220
184 123
205 250
39 169
228 242
116 43
75 244
101 110
122 105
15 217
179 30
154 38
232 264
71 127
180 13
36 28
135 34
206 251
230 209
161 107
183 87
11 6
277 206
201 193
16 77
100 244
112 25
41 38
158 114
114 97
21 156
216 164
24 84
42 247
101 175
164 162
184 81
75 87
44 169
219 188
276 187
144 37
82 27
39 14
17 193
158 139
195 242
102 34
222 221
257 239
80 83
142 241
100 63
206 256
118 113
276 254
142 195
84 222
159 5
251 249
246 217
144 251
15 209
57 33
162 26
82 146
135 213
202 232
52 8
223 225
198 211
155 63
24 78
114 25
134 77
21 24
80 209
282 175
79 78
32 7
131 56
102 248
124 51
78 287
217 162
144 233
207 170
56 53
35 37
134 143
179 75
239 181
31 239
116 26
42 69
55 202
35 159
174 107
37 153
19 14
84 286
134 243
94 26
56 160
259 195
84 144
235 180
76 64
104 57
255 201
222 212
104 187
240 177
136 16
278 177
42 125
97 156
141 186
101 5
270 251
95 164
233 241
76 170
79 150
113 97
14 188
116 104
222 218
18 148
80 84
141 144
226 204
141 69
178 65
263 242
115 175
35 13
81 144
98 44
60 103
39 174
44 196
71 15
162 34
269 252
245 262
202 250
44 222
14 16
124 57
78 230
275 192
207 258
95 84
11 127
212 260
174 17
75 48
193 192
184 137
11 126
119 200
39 64
101 234
57 29
104 194
252 234
174 37
44 54
277 175
80 30
120 106
64 165
92 264
136 86
78 286
192 186
196 177
82 113
276 178
98 70
142 74
120 150
24 226
157 106
200 176
114 58
158 3
40 83
156 20
94 157
175 109
184 1
39 263
44 230
253 175
38 174
144 186
240 161
36 238
238 180
139 176
24 14
215 216
84 226
101 207
24 238
144 280
44 99
146 222
144 63
81 269
19 100
44 277
40 204
35 156
193 226
118 197
142 206
276 177
79 284
135 67
261 169
184 31
74 174
76 113
117 174
71 156
272 250
120 53
184 36
248 161
161 13
161 99
119 116
17 183
55 175
277 229
19 175
44 148
120 155
190 223
56 144
247 246
155 100
41 180
22 38
122 202
256 173
194 188
164 75
249 175
195 213
44 163
38 176
218 187
34 235
77 25
140 150
44 247
95 249
268 186
252 260
124 95
101 17
18 27
24 146
104 232
176 20
100 9
177 23
197 214
55 126
52 9
24 157
219 161
14 144
59 159
212 236
181 105
124 106
57 144
41 125
164 95
35 196
52 105
175 69
251 262
140 10
135 129
247 216
16 227
144 32
24 156
97 36
23 7
84 114
137 157
115 194
39 25
101 238
64 142
46 168
119 186
71 196
176 23
94 235
60 15
74 265
24 25
75 208
219 160
144 235
79 180
175 6
11 8
78 170
102 90
124 189
102 19
104 245
40 39
35 276
180 65
116 202
121 5
84 174
59 54
84 68
74 155
162 119
174 88
64 166
236 158
184 7
37 20
78 138
44 272
101 44
57 183
75 147
104 202
21 57
227 184
57 134
115 159
124 123
115 24
153 163
84 31
38 49
201 194
124 38
64 169
37 205
24 162
39 44
257 168
135 66
77 269
76 179
84 166
170 210
232 265
78 74
84 137
18 44
156 48
57 66
77 238
196 197
124 164
232 206
11 118
51 15
17 156
24 242
239 263
16 85
36 69
116 44
193 191
22 96
22 219
34 118
79 28
141 204
160 3
134 29
81 174
81 169
62 126
220 209
221 200
131 192
134 96
64 51
95 218
17 25
104 172
95 130
112 105
80 264
185 225
64 44
57 7
20 139
84 36
24 236
95 156
219 211
207 214
251 245
124 116
121 184
31 4
44 180
98 163
181 30
246 162
144 170
132 142
55 114
10 6
40 44
40 190
272 170
262 244
17 134
158 109
240 178
78 284
236 242
118 202
181 7
226 206
55 74
36 279
24 212
119 56
84 176
184 26
79 173
91 204
179 93
101 218
244 217
241 161
135 242
56 73
95 59
100 138
138 150
116 113
77 169
122 116
78 249
144 47
124 151
120 173
14 17
121 150
115 156
75 25
135 75
141 73
226 262
39 144
84 283
245 176
84 147
226 162
132 44
82 196
144 87
81 137
140 105
277 215
22 144
164 165
44 213
119 86
243 179
96 179
144 108
226 218
84 77
218 188
144 72
187 7
44 264
223 200
204 231
233 162
137 4
214 189
35 7
18 204
81 226
155 133
44 106
254 174
77 196
243 261
241 247
41 44
104 198
216 262
98 213
196 229
117 134
119 25
223 214
114 174
164 15
38 120
100 207
24 4
98 134
31 3
191 195
223 219
75 235
76 257
184 107
134 221
104 174
75 278
256 248
95 175
18 235
253 247
258 168
92 154
289 169
31 240
278 196
201 230
57 60
158 159
156 10
178 37
44 220
176 55
80 6
55 25
144 55
124 8
191 224
36 34
188 212
14 116
75 228
84 234
55 104
24 145
81 138
115 57
133 86
37 177
24 206
131 96
155 44
212 257
57 104
191 237
154 113
263 254
24 202
271 252
137 103
77 119
187 201
16 88
14 25
35 79
119 198
36 163
35 75
79 257
97 1
84 25
102 257
189 192
214 165
231 160
84 61
55 4
252 163
158 26
44 58
203 252
177 59
199 227
116 63
267 191
137 68
208 172
35 104
101 39
44 126
41 39
41 165
186 202
24 173
203 253
155 47
275 189
180 104
36 83
77 87
158 73
117 184
32 256
257 203
95 57
81 255
58 26
283 173
277 193
72 9
35 225
62 198
16 76
249 208
138 76
102 1
276 196
44 211
104 55
246 213
104 97
16 98
24 7
150 163
159 93
44 55
64 153
30 247
122 27
60 126
102 155
240 180
144 42
56 134
204 253
169 211
102 144
242 179
184 92
213 166
41 279
37 264
184 193
41 167
132 214
134 8
34 256
144 157
159 163
41 114
174 99
59 29
233 206
18 43
275 248
84 133
116 103
77 235
262 242
120 143
179 4
81 288
24 38
54 198
135 245
81 204
252 204
97 83
14 225
172 209
80 43
195 183
258 254
158 28
76 250
192 197
36 119
144 124
196 243
195 225
226 264
41 204
21 226
155 106
12 175
124 50
96 156
122 99
18 115
90 1
157 44
213 235
13 9
78 75
118 184
177 4
124 185
158 96
261 243
283 176
184 154
164 46
141 213
216 167
184 168
154 118
298 167
32 14
19 203
14 235
78 6
77 70
74 63
242 243
245 227
39 236
146 223
119 3
21 199
280 215
37 144
44 179
35 24
175 84
92 208
115 158
37 30
270 190
15 248
117 149
115 193
225 214
55 78
139 213
81 16
44 149
179 221
223 264
22 116
100 50
220 186
233 265
134 118
6 6
261 198
124 172
155 69
159 143
80 7
112 97
134 57
131 141
136 171
59 143
142 96
101 237
210 254
36 115
43 147
100 89
188 225
81 254
78 223
37 263
74 257
37 14
268 172
115 138
237 181
61 126
249 245
117 97
142 134
144 11
136 105
84 55
131 44
58 80
24 103
164 153
247 231
94 166
198 212
218 211
155 18
55 14
15 96
65 153
76 134
81 157
78 243
258 259
76 229
287 169
38 163
38 66
124 82
161 146
41 274
144 130
232 158
80 74
201 247
122 69
114 200
16 119
278 209
117 135
268 189
221 199
102 156
78 144
227 242
203 230
260 196
67 73
61 184
137 227
272 239
227 211
176 93
122 180
116 139
1 6
11 116
160 99
37 33
265 187
257 254
84 11
146 245
204 192
99 206
36 39
60 143
124 160
139 187
267 188
248 178
156 35
139 37
207 172
255 200
120 184
164 29
136 240
98 256
35 194
124 179
147 244
137 24
203 229
99 157
156 65
210 167
137 171
116 10
96 266
16 199
141 57
180 63
44 42
124 24
228 240
17 244
75 7
158 13
144 169
267 247
94 218
179 34
84 4
155 34
44 6
223 261
158 4
135 171
213 165
58 194
224 163
44 119
64 139
99 50
58 200
275 179
22 56
74 154
194 183
270 247
134 106
260 250
78 264
175 54
82 286
275 177
56 79
176 220
22 195
44 56
39 70
24 21
261 255
55 118
135 16
221 215
275 193
15 86
95 83
256 198
218 259
164 152
104 137
184 90
15 48
134 86
22 95
139 143
55 46
135 7
95 87
139 201
187 221
164 110
265 253
159 160
203 214
155 65
136 69
212 234
161 113
19 29
144 98
44 40
115 154
100 15
252 175
55 125
38 159
120 69
184 101
75 100
80 116
95 259
157 149
255 256
223 186
162 4
74 248
96 84
84 35
78 135
136 9
18 48
38 197
220 236
91 264
55 54
156 23
214 233
44 171
139 128
39 46
82 45
179 218
155 76
263 249
78 288
83 243
20 209
36 40
124 122
189 200
79 16
116 174
222 210
55 159
100 16
74 207
81 48
37 29
101 37
61 164
120 196
164 121
176 25
179 9
156 14
114 202
116 53
101 179
92 203
39 229
99 238
77 74
42 86
226 238
208 231
24 35
171 211
249 209
24 76
155 10
120 26
74 225
96 130
42 87
61 66
157 139
111 86
84 221
79 290
39 159
144 129
256 259
104 68
155 49
209 213
11 154
264 245
258 196
191 225
84 109
144 200
89 1
233 262
38 177
233 243
164 26
218 261
141 63
164 105
97 250
194 212
140 3
176 70
94 215
285 170
155 96
200 230
32 235
81 235
45 168
101 40
142 143
115 173
164 130
221 209
217 210
184 87
175 8
38 106
100 234
24 95
104 63
164 144
54 17
144 6
76 270
58 104
78 257
164 53
175 94
86 68
228 265
34 187
13 157
175 208
42 190
134 95
138 206
98 127
194 225
273 251
281 224
15 173
51 16
21 94
44 159
239 265
225 163
61 6
137 37
35 129
55 158
197 196
35 16
144 245
214 258
134 127
144 95
58 143
265 250
78 224
176 204
242 160
124 194
260 258
281 201
244 178
222 217
184 20
56 176
164 14
104 81
21 23
176 65
272 189
104 65
54 53
184 188
278 219
177 90
19 143
60 155
174 5
60 79
164 136
240 244
66 73
135 156
104 263
41 74
184 114
159 120
120 139
184 189
202 253
82 156
267 187
231 219
181 69
137 1
41 85
245 228
42 269
72 187
272 235
84 38
124 47
144 242
251 211
268 253
21 49
77 163
64 74
84 251
213 214
164 143
192 199
20 203
61 8
124 132
64 156
155 48
248 262
73 196
54 3
144 194
280 250
164 104
24 77
266 187
35 157
124 107
36 225
95 96
232 262
101 155
117 49
35 108
191 229
161 28
38 86
55 167
122 44
84 206
124 59
268 248
174 68
196 186
97 175
82 174
133 214
228 213
175 100
115 137
274 171
35 186
209 191
138 157
84 142
119 44
104 59
144 34
75 234
98 96
141 221
136 47
64 128
64 120
184 13
124 170
34 18
39 105
101 138
79 49
24 58
178 70
55 165
278 211
16 34
14 198
22 235
81 125
64 16
43 170
284 255
158 103
80 223
137 78
144 45
217 260
120 50
135 24
41 225
57 140
278 193
281 250
154 99
124 66
74 239
248 245
22 48
17 100
95 264
57 184
134 7
44 136
96 245
155 109
115 86
184 109
179 108
61 59
44 262
122 143
221 265
138 30
155 67
60 29
20 24
38 125
97 264
265 252
154 45
277 181
286 167
39 230
24 69
172 77
226 212
112 202
199 212
164 20
22 115
38 63
209 168
226 208
21 95
195 239
31 106
142 1
285 173
58 59
37 69
182 87
229 242
269 248
56 200
84 122
186 224
142 227
99 220
134 175
64 73
59 200
74 227
256 260
114 144
257 259
144 94
14 28
164 28
111 202
45 166
140 225
99 140
34 185
140 104
41 269
256 201
177 40
104 104
104 212
61 23
142 144
64 178
84 207
95 165
64 189
273 187
132 193
122 64
134 105
104 135
249 177
144 241
101 43
64 12
18 156
180 76
156 133
155 66
41 119
134 154
160 94
141 95
238 162
36 154
57 34
44 176
155 117
101 6
104 113
175 28
139 246
84 183
200 231
101 35
181 88
95 94
121 59
35 176
227 265
144 145
194 227
159 48
155 99
267 243
56 139
78 226
36 105
104 30
234 180
19 235
122 20
136 187
172 216
132 47
101 105
37 49
287 174
184 70
36 184
122 138
14 203
172 79
77 89
62 174
141 250
14 247
87 66
144 255
141 181
38 280
55 49
252 207
202 214
64 134
199 195
102 263
164 48
102 270
37 6
241 160
135 153
100 93
281 252
164 83
44 244
55 124
13 156
135 4
166 1
22 28
61 176
96 206
199 244
57 143
15 249
142 119
180 20
61 110
142 113
26 14
156 29
36 265
75 136
96 48
17 147
79 263
76 288
278 180
16 175
77 48
174 219
24 122
77 145
13 84
255 165
191 190
138 256
180 204
164 138
82 288
112 86
220 208
142 80
132 207
44 14
159 14
124 77
156 120
121 95
223 210
164 88
101 83
227 262
100 84
104 191
96 85
188 199
239 264
104 224
81 259
278 220
61 185
92 207
181 117
144 202
56 195
36 120
179 64
229 208
184 28
256 257
179 107
76 114
247 260
77 197
75 196
77 187
35 36
203 248
19 127
161 106
75 288
142 153
11 120
140 24
78 283
75 75
157 133
64 197
257 199
16 29
44 44
21 27
246 161
199 248
160 93
184 185
247 214
72 193
58 202
212 259
84 33
122 118
210 212
76 79
82 77
144 222
215 187
75 157
101 38
38 264
64 157
144 161
201 213
282 252
155 79
80 24
232 204
160 150
84 92
72 44
100 106
117 69
58 154
75 117
224 215
164 54
135 29
56 183
206 231
173 217
58 9
279 195
64 84
184 18
242 178
55 186
39 164
55 57
247 247
262 253
62 144
206 253
184 14
35 267
181 68
164 79
157 93
210 214
175 25
84 94
184 44
184 77
160 139
12 74
104 34
12 83
184 202
94 87
271 170
92 169
154 13
116 118
142 77
144 148
107 54
31 236
119 134
176 83
117 202
21 244
269 187
139 207
174 1
41 106
84 139
40 69
124 88
91 170
124 146
101 18
100 125
121 154
34 76
144 166
37 105
164 119
101 97
223 217
40 43
162 156
155 17
52 15
269 188
12 73
98 107
247 162
277 251
84 138
242 245
76 95
55 144
217 161
226 213
135 6
58 199
135 87
154 94
75 275
38 83
134 56
34 114
276 237
251 175
35 263
271 246
16 94
77 24
97 134
24 28
24 32
116 193
35 247
121 89
79 164
136 176
27 247
184 224
118 55
262 170
39 199
14 36
224 211
136 129
71 126
82 287
42 113
44 45
200 194
102 137
58 144
214 191
184 162
252 176
145 223
177 54
233 161
41 158
141 80
73 257
44 41
84 112
142 38
24 3
104 84
274 191
104 41
99 163
124 143
271 182
263 173
158 155
84 149
95 103
37 44
41 64
184 130
142 49
265 190
56 6
44 98
248 263
159 25
219 263
40 270
79 236
62 113
64 160
253 257
35 174
175 108
249 235
177 95
154 75
121 97
75 246
37 19
39 87
144 67
242 246
99 100
37 68
36 70
112 84
257 256
99 265
101 49
81 126
99 54
20 127
44 265
124 23
64 102
79 264
102 95
136 123
139 194
44 161
55 35
84 197
34 37
184 12
274 236
194 243
121 180
78 15
38 19
40 85
213 211
17 144
104 125
34 236
164 129
155 38
17 245
184 83
253 233
280 227
55 127
134 63
84 265
16 239
185 200
205 210
211 211
260 240
115 143
221 212
175 206
135 70
184 180
168 211
261 175
74 228
56 138
248 229
76 46
84 113
179 219
137 200
44 31
15 224
124 201
264 249
96 58
263 197
59 189
100 268
121 86
131 193
84 191
120 185
116 4
153 134
227 217
161 134
82 117
35 226
55 196
264 244
222 198
124 158
144 259
58 176
44 86
184 98
201 253
64 121
118 13
78 26
137 113
213 212
91 203
264 252
251 209
138 181
271 188
137 214
101 246
180 30
269 246
280 175
175 29
117 119
84 249
223 222
77 284
241 179
99 95
279 226
44 275
214 213
64 77
84 282
60 33
196 185
93 1
156 79
192 239
144 232
229 209
34 14
31 113
121 85
278 214
114 96
24 23
84 235
184 85
239 266
21 83
144 198
99 43
104 20
136 201
197 242
61 177
41 67
136 182
74 97
79 156
133 213
273 179
230 183
124 83
61 48
255 261
159 144
78 86
16 48
184 59
96 60
246 228
62 154
24 197
104 95
104 209
177 205
84 237
61 28
141 185
181 94
77 229
96 1
94 24
18 77
91 263
156 118
95 4
95 214
135 193
192 229
93 206
277 226
122 136
161 33
62 74
142 39
54 38
99 106
56 145
160 4
274 173
14 124
97 110
81 6
124 46
268 191
53 5
191 231
119 199
155 97
18 76
141 67
24 230
64 32
176 217
221 225
24 199
133 193
79 6
18 240
144 192
162 76
122 97
136 96
124 12
212 214
75 284
18 144
241 180
171 54
164 35
38 179
115 14
288 168
81 74
40 170
73 197
140 143
184 148
251 232
250 164
115 177
84 24
246 219
86 244
162 157
94 30
20 244
246 212
106 54
139 73
84 37
33 105
74 7
184 165
254 207
101 15
139 109
59 135
265 174
141 74
64 67
266 252
191 200
141 88
144 175
277 177
54 146
132 145
242 161
230 239
117 139
227 213
184 141
91 156
268 250
122 57
78 148
198 247
74 145
20 234
244 177
271 241
99 110
144 205
39 194
234 205
55 145
100 173
78 229
84 254
60 135
134 251
279 180
20 134
78 117
41 107
164 78
55 136
102 245
44 271
101 69
184 155
115 199
221 263
196 180
159 64
58 23
122 157
36 230
40 247
235 241
84 178
208 210
74 226
140 124
219 216
37 269
51 110
64 190
121 144
226 186
77 173
44 206
22 157
229 206
229 184
43 247
275 235
34 65
121 157
244 218
261 194
80 248
55 146
181 85
36 180
84 124
124 87
79 120
95 64
124 139
84 275
76 197
144 181
139 65
55 29
95 9
19 204
205 229
225 263
184 161
37 229
71 50
44 33
44 151
98 263
280 199
132 212
80 270
101 94
228 207
61 5
217 236
222 208
104 6
184 32
211 168
254 259
122 174
124 173
184 60
139 129
104 183
254 249
58 114
139 177
134 46
160 160
195 196
124 19
76 89
94 88
141 125
144 14
102 129
58 177
15 195
134 5
57 30
35 198
174 15
101 55
139 226
54 185
164 36
119 185
199 246
99 1
137 186
138 124
176 95
124 26
221 205
98 104
14 244
135 69
222 206
95 254
121 94
226 239
59 8
74 178
289 170
24 115
36 74
22 35
177 30
24 135
19 227
164 69
193 190
94 138
55 170
24 247
80 23
36 200
142 76
141 18
64 186
220 238
124 35
14 48
115 29
218 262
79 83
84 270
284 253
35 278
44 2
72 48
14 197
82 67
37 190
98 93
84 194
54 187
118 10
142 173
79 149
230 263
14 98
273 233
140 213
94 216
59 9
229 185
274 181
234 162
98 144
182 223
38 127
182 66
96 89
139 181
39 193
206 171
223 209
248 160
225 240
276 232
141 107
14 24
39 277
41 207
135 17
77 134
130 36
276 250
188 229
16 134
281 177
35 279
181 19
86 69
15 234
174 26
120 5
209 234
78 204
15 98
76 263
41 164
156 99
84 171
14 4
16 233
81 145
20 34
64 21
104 3
144 162
153 14
24 51
228 206
40 210
253 206
62 8
120 87
95 138
104 12
38 160
202 231
156 154
140 202
80 204
213 232
15 186
64 167
104 220
279 169
15 77
273 184
257 251
22 129
155 113
55 27
248 212
262 249
119 105
64 20
162 133
99 267
210 235
140 73
15 134
82 148
77 164
135 84
94 255
44 208
78 7
44 249
225 219
19 209
80 196
43 156
42 276
98 257
179 109
230 210
56 153
141 27
76 275
35 47
42 28
118 4
169 1
95 157
35 149
95 35
144 23
184 196
62 7
61 18
24 248
39 85
124 119
256 255
137 80
140 157
96 260
181 106
82 129
134 76
100 54
184 11
44 252
242 163
16 113
57 53
137 246
140 74
154 36
33 113
98 260
179 63
144 103
15 6
82 8
12 180
11 78
54 40
79 170
91 154
216 209
136 144
124 187
274 254
77 127
138 46
57 67
79 127
164 58
279 200
44 257
82 165
102 264
101 16
134 113
247 178
211 189
133 206
282 169
280 218
78 94
275 234
58 28
39 83
24 33
136 220
266 250
102 135
104 50
242 263
192 189
40 123
120 67
24 167
184 158
156 135
194 211
101 36
33 6
34 157
94 110
270 172
64 147
269 249
96 16
124 169
62 109
140 250
98 68
87 68
157 49
84 119
238 179
74 70
82 154
104 171
24 241
159 150
95 148
238 263
100 109
273 190
116 184
276 189
135 240
278 227
182 220
174 208
277 227
175 75
162 14
214 235
174 23
142 213
180 24
12 7
44 268
138 120
13 175
76 228
44 73
203 211
159 97
136 110
42 127
75 99
24 105
179 10
84 195
161 10
141 9
56 103
142 126
124 115
40 255
38 35
64 106
182 85
45 202
44 133
102 97
164 135
236 264
38 43
41 65
81 24
104 9
84 244
35 119
102 35
60 177
155 13
102 215
175 93
98 126
269 243
38 20
14 126
18 24
115 9
21 30
61 17
214 259
157 29
44 144
134 244
192 192
158 46
44 248
84 34
104 228
223 160
158 45
64 42
124 60
283 168
115 28
155 68
39 88
94 16
94 247
24 119
37 178
54 202
99 94
179 33
261 241
98 244
75 224
100 156
16 174
278 206
246 178
42 19
36 195
185 224
111 160
52 109
278 171
38 180
84 209
80 44
111 97
191 230
193 185
226 216
104 91
97 263
182 222
59 177
58 134
182 203
242 177
94 47
35 158
250 249
239 180
136 151
121 188
104 56
154 163
238 158
179 104
38 105
271 250
132 85
276 186
164 4
120 159
77 84
257 257
61 187
104 47
196 196
15 113
284 170
119 190
86 67
32 10
60 54
77 180
180 59
208 254
157 50
249 263
94 129
277 179
141 183
142 97
100 165
216 212
274 172
184 62
62 128
43 189
36 23
159 49
40 114
93 264
79 244
84 245
22 158
270 184
174 24
24 110
74 274
251 204
101 1
76 126
35 80
137 85
78 225
39 143
84 201
223 239
138 3
158 147
42 114
99 240
124 4
240 243
61 128
78 137
155 134
55 45
84 204
11 180
137 75
61 78
15 46
243 159
16 238
180 64
22 204
105 202
41 120
64 179
41 157
115 45
14 134
138 119
55 116
24 27
62 107
156 3
260 169
38 89
61 47
35 15
184 38
253 205
256 169
22 25
227 239
116 200
41 28
19 150
276 170
124 76
59 67
119 117
17 157
64 59
144 92
138 151
158 158
55 47
61 127
174 8
275 190
81 224
141 48
99 170
81 66
171 215
157 134
235 266
104 177
44 18
164 43
81 165
140 175
117 43
86 243
160 7
139 221
275 178
272 186
34 66
102 8
254 208
83 227
122 155
34 188
99 68
197 195
37 194
120 55
55 188
24 221
74 119
104 45
142 69
80 168
60 9
177 10
234 159
248 234
156 28
94 175
104 83
74 26
22 127
232 220
245 229
35 143
184 84
121 44
158 146
263 191
93 156
15 83
17 94
40 155
20 175
35 118
184 147
53 53
82 84
193 225
84 82
84 14
15 124
94 236
41 37
232 208
254 234
158 163
19 237
177 9
82 243
184 51
16 183
141 66
184 19
136 130
275 180
61 137
164 109
101 157
141 17
44 251
137 17
104 98
36 6
84 153
54 127
37 179
75 47
204 255
137 170
226 183
176 4
21 56
41 189
158 94
36 204
35 179
17 26
56 75
19 83
222 238
84 103
44 5
161 156
237 242
54 28
135 64
144 273
14 147
223 202
75 94
95 25
74 77
82 128
117 114
84 22
222 211
122 17
270 183
40 20
184 15
275 251
116 114
99 33
154 33
124 152
98 23
60 190
141 68
91 206
84 217
72 8
177 69
58 198
44 79
167 211
80 285
24 138
100 213
81 77
87 65
41 178
24 208
120 20
127 1
179 76
174 67
84 8
224 201
184 138
58 16
75 156
161 109
134 66
75 139
143 193
25 13
224 220
44 64
184 201
75 135
159 43
115 59
100 139
260 198
131 211
155 74
51 54
15 205
95 89
120 8
173 1
292 167
39 124
156 153
102 256
54 67
179 65
24 29
142 17
230 184
104 231
14 14
15 27
99 84
99 98
216 233
97 130
234 220
206 170
191 232
283 175
245 161
266 247
135 205
21 133
84 279
232 160
156 139
176 85
123 86
124 69
18 90
24 225
190 232
64 181
207 230
247 177
21 140
215 262
121 136
155 94
119 159
168 214
17 29
199 231
16 194
134 23
15 95
101 50
62 67
37 24
84 224
14 138
118 137
279 198
75 233
84 165
233 181
39 24
94 217
200 212
146 224
24 74
39 6
16 30
59 194
280 179
61 26
224 265
64 195
135 253
206 254
220 261
38 13
24 192
218 209
104 223
136 109
221 221
128 1
263 243
44 138
215 234
213 257
211 164
256 250
16 127
79 187
62 143
75 164
57 194
79 243
99 97
269 183
64 98
157 163
210 255
35 34
133 171
22 76
272 244
159 47
16 43
279 176
61 27
156 150
276 172
124 161
286 170
16 57
273 243
224 184
139 110
57 44
54 46
256 236
119 14
64 71
283 254
35 227
35 127
272 253
141 89
121 105
290 166
142 128
81 274
76 283
77 275
21 97
44 153
141 224
55 34
95 235
216 163
175 4
142 37
17 14
219 235
132 144
274 183
104 211
24 90
21 235
230 205
44 223
81 208
84 162
17 215
35 175
54 154
224 160
40 275
288 166
180 94
75 249
226 161
64 127
203 171
289 168
174 87
179 39
116 175
99 70
76 75
279 210
84 70
14 97
273 181
55 48
158 110
104 132
247 245
54 144
141 126
107 55
144 283
41 45
134 193
115 103
142 54
265 191
42 196
174 16
249 161
205 251
266 193
51 105
201 229
84 75
84 215
104 237
229 241
182 219
278 230
24 169
45 188
104 11
64 8
12 4
235 242
20 43
175 58
52 53
192 193
75 79
157 109
64 136
76 269
25 247
104 242
94 29
271 173
138 17
283 167
97 265
35 73
277 168
135 251
99 123
144 253
123 105
136 155
55 129
120 97
271 239
42 278
252 162
252 262
202 229
119 179
104 253
175 220
182 29
220 205
144 282
159 79
275 233
62 120
202 176
98 16
119 55
24 88
213 215
41 88
144 217
198 213
58 66
64 141
20 156
275 173
217 164
163 106
176 60
17 227
124 89
57 108
140 151
121 195
202 248
77 80
136 244
84 43
223 213
277 189
138 250
252 249
174 27
255 234
36 179
156 100
14 224
141 46
71 257
75 29
21 194
79 15
182 5
115 110
99 133
98 64
35 178
278 202
36 209
64 62
80 274
174 207
121 143
99 10
44 203
261 239
104 49
104 265
144 4
64 76
16 140
264 196
92 156
158 145
135 46
137 120
179 90
176 59
98 69
79 139
64 91
34 275
35 150
17 239
93 263
116 25
104 153
64 23
205 169
73 15
214 236
137 67
224 161
16 184
171 209
58 160
273 172
112 87
54 73
117 200
61 77
254 247
181 58
115 184
84 73
55 185
81 64
259 197
169 213
61 105
184 181
184 47
144 38
250 246
264 171
260 254
34 125
181 220
144 219
237 160
134 174
38 36
262 197
44 69
253 237
24 170
141 195
44 241
288 167
279 250
164 101
232 159
64 201
20 3
239 161
175 19
179 84
281 220
144 177
265 172
96 168
175 34
245 221
20 216
40 184
39 125
84 161
57 8
135 128
75 119
275 254
184 140
226 205
246 218
35 240
142 19
145 221
277 190
253 163
84 150
75 19
184 112
32 9
18 193
157 3
55 56
40 236
64 83
16 93
78 203
261 168
96 88
276 198
19 234
36 235
84 190
230 181
184 30
192 198
76 289
20 30
38 190
138 246
24 227
161 3
104 162
162 155
38 194
80 203
81 134
246 232
250 214
245 178
37 73
35 67
241 158
97 5
135 227
44 237
99 219
182 117
209 212
274 188
21 196
247 233
122 58
82 227
224 210
98 6
78 256
142 8
116 59
33 236
209 190
39 160
177 70
246 245
64 164
155 39
101 4
187 4
24 163
15 89
164 160
202 173
96 234
162 63
176 206
284 174
14 218
251 208
60 3
104 53
144 68
82 89
24 177
261 193
18 30
231 159
139 29
132 171
24 129
134 88
250 213
19 49
184 61
37 203
104 79
114 26
142 251
120 153
217 165
191 198
38 128
121 29
17 243
134 227
44 242
255 237
117 25
84 193
120 197
74 125
266 253
162 105
277 221
76 47
77 94
36 190
189 225
162 13
124 155
62 176
76 150
199 196
38 37
78 29
82 166
34 228
36 124
229 210
114 176
139 85
266 189
77 126
74 16
144 21
117 106
77 174
84 91
140 119
132 1
158 9
81 240
77 79
228 262
155 139
17 33
55 150
38 235
228 162
96 146
41 14
81 135
14 186
104 208
15 26
44 32
44 212
64 95
249 259
198 196
120 15
72 50
114 63
124 112
96 93
124 36
175 95
184 132
184 220
114 155
72 199
104 40
192 234
95 88
100 243
160 78
37 130
22 227
42 227
98 176
61 67
38 85
115 107
177 3
44 202
200 195
62 104
124 67
245 230
16 208
178 109
36 118
39 195
160 19
160 79
39 149
134 128
64 185
236 182
293 167
175 219
98 109
278 223
36 85
159 8
184 80
227 216
225 215
38 199
57 26
64 168
24 168
146 244
249 248
95 206
104 233
238 243
61 107
104 149
178 63
221 224
84 71
41 197
79 119
95 267
177 218
250 233
22 196
120 64
41 70
44 229
102 143
160 153
140 85
176 18
179 20
205 193
18 244
82 268
37 83
44 172
84 157
111 110
139 56
79 76
221 223
164 112
178 9
58 54
101 54
36 106
99 108
219 260
142 105
277 223
104 85
18 227
119 70
193 183
84 20
71 45
182 54
182 9
139 96
22 84
71 256
274 184
94 147
36 274
22 139
171 76
38 255
134 107
142 26
221 218
278 204
98 33
209 255
18 84
221 237
190 230
22 216
245 163
122 134
141 223
35 106
59 154
44 147
221 240
181 53
276 192
44 84
42 38
71 198
62 65
260 251
154 10
60 66
34 108
138 75
227 207
60 202
203 212
157 30
182 36
279 220
82 187
199 177
185 223
7 6
286 255
56 30
78 76
78 173
40 264
94 8
37 114
181 9
114 28
176 14
184 126
20 44
246 214
96 55
20 77
17 240
201 178
161 64
39 89
124 129
61 75
53 125
126 1
162 148
250 175
64 46
81 94
175 105
200 211
124 45
16 216
17 199
34 77
228 158
164 127
98 95
287 167
24 8
34 186
249 162
192 226
52 110
40 144
186 221
164 30
58 67
15 136
243 228
73 187
156 4
76 224
278 224
262 173
184 82
182 56
158 133
184 131
159 104
135 201
184 157
269 173
56 5
31 264
35 266
104 17
207 192
99 67
16 138
24 216
21 34
84 74
70 127
80 157
228 216
61 199
99 255
80 164
96 157
164 27
240 246
102 55
218 235
164 5
56 125
119 26
286 171
72 4
123 117
151 134
156 149
74 166
104 178
35 208
251 248
20 233
104 155
96 139
271 248
64 55
36 73
158 24
154 28
22 83
95 167
222 239
117 120
76 243
59 74
280 219
182 116
160 149
59 30
21 139
59 79
98 50
245 159
273 236
95 23
81 46
254 205
261 252
104 44
98 5
141 153
197 197
51 108
231 263
172 208
121 137
84 188
34 13
225 162
74 124
120 180
144 43
35 105
74 157
156 160
39 170
273 186
259 241
35 107
94 269
102 269
49 202
280 252
64 92
262 174
39 154
81 284
41 145
269 169
104 190
267 189
135 214
156 115
76 180
98 255
256 166
40 209
271 251
258 241
277 217
115 8
116 149
119 197
265 192
137 220
104 143
84 211
161 79
36 33
184 37
98 178
58 184
55 44
142 182
255 163
55 19
84 231
44 184
196 178
75 78
138 127
100 179
164 10
164 124
154 77
224 209
225 207
199 178
39 274
96 68
162 27
31 263
175 215
104 99
57 176
224 203
140 36
39 113
119 153
159 94
95 104
130 56
38 200
104 1
24 189
40 63
15 18
164 131
114 143
140 171
179 3
87 67
41 186
21 39
142 120
280 178
3 6
56 55
80 268
17 209
278 229
24 249
138 186
44 278
189 223
134 182
24 37
277 170
104 127
104 267
154 157
61 138
104 121
44 100
280 174
15 226
124 55
18 33
141 207
78 84
84 52
56 143
61 25
120 49
187 6
39 7
19 47
122 19
138 226
236 266
16 209
120 43
18 184
40 23
24 210
45 186
78 24
162 20
160 75
244 179
279 221
280 198
16 39
20 227
221 211
104 169
104 244
144 265
239 244
96 219
278 181
21 176
279 218
58 74
24 198
154 37
57 154
41 270
278 212
81 155
34 205
232 266
247 219
184 21
265 242
84 169
101 124
161 70
34 276
124 111
95 34
60 16
141 133
24 154
58 79
164 92
74 43
15 148
99 99
182 24
42 175
104 112
115 64
76 168
84 60
102 246
80 134
76 73
84 3
60 5
120 19
99 66
79 274
44 233
255 204
254 203
233 158
80 163
178 106
22 175
180 1
160 114
255 164
182 75
136 4
98 236
40 113
209 232
22 183
144 263
114 147
259 174
55 164
16 179
44 67
162 100
81 17
230 265
61 64
98 38
57 106
38 206
20 150
278 250
74 147
82 90
184 73
94 150
124 148
64 26
64 38
134 54
230 161
281 173
210 170
119 195
138 180
135 37
20 199
64 111
277 228
275 188
59 33
208 166
18 9
180 105
124 191
35 224
76 157
135 117
16 89
104 61
164 61
121 26
64 173
164 13
176 15
18 13
54 147
24 188
24 161
218 234
155 105
100 130
59 134
17 127
134 220
239 160
81 116
15 35
104 123
39 119
75 146
275 238
159 13
164 22
190 190
278 176
40 33
268 243
169 215
102 18
157 69
156 80
94 207
287 166
121 25
24 75
141 194
141 35
75 273
84 186
229 218
155 156
261 166
222 240
81 257
184 100
281 178
196 239
84 9
144 239
115 185
39 29
250 208
179 37
184 124
232 263
160 70
84 87
140 64
188 224
270 188
179 89
99 213
104 67
59 153
104 148
236 265
155 24
102 6
144 115
44 266
134 36
52 107
78 179
84 65
82 273
265 170
273 246
56 105
193 241
46 188
277 199
84 101
119 160
55 184
41 247
22 126
40 24
22 197
121 174
287 173
188 192
100 174
124 166
275 239
277 180
196 227
238 161
131 97
218 210
121 119
79 77
272 245
143 227
211 215
162 19
154 104
136 5
35 195
141 45
59 164
84 51
24 20
190 229
39 255
221 162
207 193
144 221
279 207
207 231
144 212
56 34
15 19
270 244
233 182
44 9
24 185
256 240
178 39
81 258
115 5
81 289
24 184
260 241
84 81
84 163
190 195
74 173
275 236
176 96
191 236
14 26
64 114
42 119
82 255
95 236
62 110
254 248
44 141
202 212
56 126
138 114
34 257
17 27
96 39
224 241
241 264
232 182
258 255
175 59
19 226
230 264
212 189
248 264
147 163
198 243
60 10
190 224
114 56
269 241
241 162
272 242
144 195
22 37
138 220
35 254
208 253
139 130
236 162
223 237
237 158
193 193
36 150
181 37
35 275
34 87
62 119
155 27
57 185
224 162
42 108
155 46
102 177
164 52
276 179
31 256
140 114
98 170
286 254
96 138
219 186
35 265
55 39
223 199
254 164
213 189
162 108
224 261
84 23
114 199
157 99
35 238
120 179
24 231
80 114
99 83
222 201
76 196
41 48
14 38
79 256
80 208
182 93
194 241
35 35
199 181
74 279
32 240
101 90
82 85
208 211
44 260
246 220
37 176
64 126
20 116
173 218
14 237
116 154
135 203
13 176
184 23
22 47
71 7
260 172
22 176
144 176
144 58
12 118
214 261
84 7
15 29
179 106
162 134
36 237
226 163
221 220
276 195
137 193
164 93
164 161
84 59
276 231
210 233
270 186
78 27
93 16
225 208
101 137
164 33
184 111
76 119
97 145
230 242
104 52
84 48
143 202
154 3
140 144
24 182
38 153
38 274
139 157
44 170
104 80
121 106
170 216
61 198
256 238
64 25
124 192
42 36
180 90
15 176
216 166
37 175
197 180
220 210
137 23
141 114
116 8
172 75
130 96
35 38
231 207
32 3
217 213
120 18
85 243
119 57
214 164
71 43
75 174
121 20
268 244
34 196
40 180
144 133
235 158
18 96
176 219
141 225
196 195
222 222
36 236
84 230
95 268
20 198
18 234
137 56
70 157
234 158
141 38
84 182
281 251
76 238
206 230
118 180
22 77
44 205
104 51
118 105
229 160
74 167
232 240
114 5
64 154
44 130
141 152
24 196
56 44
131 214
156 119
214 163
158 99
136 205
220 219
42 235
277 178
213 167
273 234
234 241
195 243
155 64
259 255
255 257
196 245
224 262
11 176
265 245
81 209
20 115
222 224
172 210
55 189
106 55
97 140
74 205
16 210
80 244
278 253
44 270
17 133
41 126
155 19
59 50
181 108
145 163
124 114
79 73
212 215
216 216
75 74
271 185
99 9
171 78
216 213
243 263
156 159
155 95
136 108
44 199
61 68
161 155
119 4
38 48
75 97
158 113
124 2
38 208
44 224
95 137
275 182
34 79
77 290
180 221
258 174
21 28
201 172
259 242
44 104
141 201
82 9
18 98
40 164
102 36
158 30
201 210
35 116
39 13
116 20
135 1
158 80
154 145
136 3
44 173
248 216
78 78
95 24
35 89
56 190
141 56
124 101
121 17
34 176
136 177
205 230
117 105
174 105
24 44
154 4
227 241
194 237
38 68
95 46
102 175
192 237
20 144
229 207
246 263
114 13
44 209
136 24
119 120
233 244
263 255
79 163
144 62
75 238
279 252
161 97
95 123
160 44
116 96
17 89
72 255
134 184
24 153
159 9
76 165
235 243
144 178
142 212
155 147
227 240
176 79
210 210
152 134
78 163
144 101
14 77
74 268
84 13
279 178
35 268
64 145
81 238
75 44
15 84
77 156
281 209
75 240
74 25
144 57
169 212
104 146
164 41
36 198
223 223
250 248
44 197
184 146
35 19
161 94
157 94
277 213
261 242
244 227
115 146
144 249
141 240
96 134
35 184
64 107
79 286
131 45
250 231
222 215
245 218
135 47
201 228
24 102
77 16
141 203
57 24
24 155
102 170
259 238
134 194
184 94
194 199
137 114
39 63
279 213
211 235
50 66
75 289
84 32
238 244
15 115
241 265
43 190
96 94
54 158
176 39
20 204
243 220
80 144
98 123
114 14
78 157
17 210
21 144
156 138
142 48
154 144
82 147
55 33
35 86
42 20
154 18
95 239
174 65
84 274
158 150
62 186
102 217
119 64
38 90
243 244
55 75
162 94
64 39
278 203
35 154
84 229
22 128
55 40
120 183
245 160
61 188
38 64
39 190
104 166
76 187
144 70
33 263
259 240
75 266
97 129
215 164
36 48
260 166
159 50
175 216
155 138
41 276
104 264
81 84
184 197
267 171
21 184
137 30
44 78
137 57
260 249
254 166
187 226
100 180
136 118
176 75
200 174
81 7
260 194
39 183
209 170
78 145
144 83
40 119
55 76
135 207
144 152
199 230
19 133
246 164
56 155
81 146
265 189
25 14
138 125
20 176
124 144
16 243
21 134
154 39
44 139
96 144
194 239
140 97
159 113
138 201
94 167
139 1
119 119
118 19
144 281
269 170
277 252
157 23
223 262
136 206
35 84
40 70
204 232
124 127
141 191
144 44
97 266
252 210
101 235
160 133
37 65
146 221
156 96
39 30
144 73
94 15
263 192
13 116
273 254
24 187
143 174
80 68
20 226
118 67
54 143
80 133
227 162
207 254
120 193
139 113
21 38
249 212
38 87
285 171
220 220
57 103
77 283
135 175
142 207
94 7
247 215
38 84
134 87
137 76
56 163
19 50
122 106
142 16
96 240
244 244
192 212
80 197
24 13
164 1
245 246
280 251
254 237
233 205
41 24
78 227
142 127
24 55
181 221
80 64
81 244
82 158
21 7
164 91
284 175
59 119
54 163
161 48
17 145
45 185
281 213
121 135
184 63
44 63
99 15
224 238
14 176
160 110
273 249
78 70
227 208
84 269
122 86
98 157
144 220
182 58
55 119
146 225
98 174
191 227
192 191
84 58
62 179
96 40
95 99
285 168
77 49
15 88
239 245
228 215
34 177
80 250
58 15
64 40
277 204
156 43
74 168
81 78
250 236
179 94
84 145
38 170
81 127
141 98
264 173
72 43
11 5
82 76
54 56
250 232
121 49
64 146
38 113
164 106
116 119
197 227
104 134
80 283
135 74
130 1
24 54
77 120
33 264
31 105
84 227
249 213
100 254
136 113
104 205
142 191
278 175
225 159
82 127
243 246
228 212
155 9
75 144
83 254
272 184
186 223
84 83
256 174
161 9
86 1
268 188
141 44
137 86
19 23
61 34
263 240
41 26
144 160
40 105
259 168
174 85
82 86
131 194
125 1
21 195
280 169
44 13
178 64
54 116
223 203
267 250
99 44
122 149
186 6
176 208
84 208
84 117
58 126
200 227
114 44
42 126
124 93
54 188
151 13
134 65
16 118
144 20
252 161
291 167
44 92
124 27
81 87
226 160
76 273
279 197
39 150
97 93
287 172
121 9
281 206
209 231
38 65
247 263
158 93
177 207
138 77
136 143
184 67
184 27
106 58
19 99
44 85
175 36
84 260
14 125
140 17
241 263
24 22
124 126
242 261
38 67
210 211
38 270
82 246
24 144
131 145
144 46
75 149
181 4
42 259
99 254
53 10
100 107
147 240
73 256
182 38
46 166
124 68
37 160
164 23
119 188
210 213
79 235
94 55
124 30
116 178
229 219
104 154
95 170
24 246
144 189
75 14
223 185
283 252
117 159
197 212
142 202
35 39
183 67
40 149
11 155
155 148
275 249
161 69
98 100
115 118
183 107
64 144
24 11
81 76
58 164
94 1
16 115
104 82
117 137
124 74
14 215
118 139
82 114
120 158
212 258
184 65
197 241
82 94
154 67
22 36
35 144
139 3
159 63
192 232
104 24
131 143
21 99
205 211
219 165
104 71
195 211
56 115
161 27
75 155
57 133
141 154
278 252
213 210
144 203
196 242
180 222
40 203
34 6
175 107
149 163
252 235
122 187
177 53
117 54
32 106
64 58
95 219
221 264
81 75
221 206
75 268
80 273
278 226
62 24
55 55
277 169
240 181
22 133
264 243
75 247
229 161
98 40
54 26
61 135
280 180
74 98
104 239
251 236
35 115
211 234
141 246
34 127
60 113
18 199
200 228
9 6
120 44
218 236
14 206
15 190
163 163
164 96
36 15
44 87
84 177
44 198
33 247
197 246
184 160
272 188
84 242
260 170
184 152
40 269
64 22
222 164
217 261
95 15
97 243
20 29
140 129
44 30
96 259
140 186
141 202
64 202
40 223
24 43
101 8
24 87
178 1
144 183
44 57
246 260
140 246
219 187
18 25
44 3
144 224
112 159
177 29
79 29
257 248
57 54
32 263
136 246
144 127
79 283
101 130
140 8
136 8
221 185
246 179
274 251
181 54
179 59
100 83
141 176
114 86
99 139
36 240
64 118
205 173
107 202
156 63
225 204
181 222
99 59
156 74
21 13
35 124
161 14
81 246
46 164
161 75
80 165
155 93
104 266
139 227
253 234
28 247
180 220
60 134
261 253
187 5
19 244
169 210
121 139
77 90
269 251
64 137
101 98
35 187
119 184
64 130
74 18
124 199
216 210
120 149
104 151
52 4
296 167
40 160
18 147
255 175
213 168
186 200
124 79
215 214
134 206
286 174
101 129
21 159
142 196
35 197
118 193
55 139
193 231
61 125
156 25
24 49
82 267
61 53
164 77
182 67
135 65
281 168
194 240
79 285
61 73
101 154
194 238
254 202
180 34
216 236
100 239
24 143
116 9
122 88
157 96
101 268
144 106
164 18
24 250
184 203
24 47
176 90
141 134
95 55
96 65
135 9
44 15
118 54
200 249
197 184
36 199
155 119
131 191
186 201
139 151
33 7
247 248
242 262
114 46
213 233
59 198
77 7
104 215
84 236
94 103
231 240
139 170
206 215
281 214
119 87
181 56
114 188
95 216
173 216
102 136
44 200
96 45
37 199
204 213
64 119
37 35
117 183
98 97
261 167
157 80
84 185
181 5
38 247
191 187
188 200
285 169
39 128
96 24
207 167
60 183
157 20
222 262
80 90
157 148
223 238
75 96
56 184
77 263
41 226
281 179
56 135
12 117
229 182
88 1
177 75
38 169
102 104
96 110
81 264
59 114
223 159
38 164
24 139
94 257
156 64
189 193
71 197
56 50
156 13
140 57
34 170
204 212
135 88
95 178
136 193
16 150
54 148
184 57
225 241
82 155
62 157
174 58
157 70
99 69
54 36
39 270
78 236
76 127
189 231
124 40
64 29
97 144
39 196
97 3
276 169
144 2
102 23
85 244
179 19
74 137
280 254
102 186
144 56
139 46
84 115
170 211
64 69
247 211
41 7
94 165
214 260
134 37
59 136
132 143
31 114
55 143
102 44
178 14
101 269
204 173
223 212
19 210
162 106
213 256
80 179
81 266
38 154
178 94
96 254
95 58
2 6
97 249
74 266
140 155
18 45
64 129
96 145
275 169
52 125
74 233
177 20
82 256
121 173
104 188
100 53
255 258
253 203
277 208
198 180
19 236
137 151
56 43
272 183
84 156
161 154
81 79
142 242
144 66
136 23
116 158
266 190
92 1
138 73
178 38
122 179
101 34
19 238
55 77
161 159
11 80
17 139
261 173
64 199
201 212
81 90
58 133
97 124
144 168
44 116
20 13
241 159
215 165
205 170
104 96
124 186
144 125
175 96
268 245
96 220
174 35
177 208
135 170
193 236
154 96
243 177
38 273
164 62
213 188
164 159
100 253
237 159
56 158
84 110
15 147
119 140
104 114
71 9
164 49
137 180
134 204
121 16
15 15
229 239
205 172
42 205
42 264
84 97
41 147
95 166
92 204
231 217
37 159
99 169
139 144
74 114
117 173
174 93
20 5
99 39
221 207
139 114
184 176
122 29
14 249
135 108
156 140
58 196
184 9
280 206
161 110
34 144
58 186
75 175
98 83
228 219
104 216
118 25
40 185
172 54
260 167
204 251
95 143
115 115
18 100
184 89
141 87
154 106
159 96
104 260
219 236
214 210
24 60
115 63
96 25
62 114
21 6
184 164
104 269
24 140
160 143
94 19
141 47
23 13
64 138
101 67
24 233
35 205
124 133
81 88
17 226
184 118
80 149
140 200
217 212
42 189
119 43
103 1
240 163
18 157
164 81
14 47
109 202
276 194
55 199
101 176
61 195
24 166
194 196
54 157
100 128
141 36
44 174
207 171
185 203
137 256
81 15
184 74
280 168
124 15
101 258
207 210
190 199
84 243
95 68
75 63
240 245
44 280
144 150
162 75
80 63
18 34
279 203
113 160
245 261
22 14
54 64
82 46
182 53
56 66
104 217
135 181
173 209
22 238
221 239
289 167
227 214
168 215
188 196
62 18
75 70
217 189
144 112
40 84
22 229
15 243
155 28
276 182
54 135
94 170
136 249
134 171
64 162
281 210
135 54
74 135
71 187
37 143
41 170
248 248
97 38
15 45
44 117
78 87
277 202
191 186
79 138
22 98
270 241
184 166
38 276
138 156
16 114
20 89
159 99
243 223
221 163
44 46
81 89
221 219
22 140
58 159
161 26
104 240
230 160
44 240
162 33
40 45
154 138
115 149
217 234
227 263
272 246
263 170
44 204
98 8
124 64
265 193
102 43
140 187
82 205
78 89
260 175
279 219
144 86
94 5
156 78
56 114
139 214
281 223
113 202
74 14
250 234
142 55
139 180
111 87
104 160
95 244
201 179
95 149
20 84
96 244
131 36
184 71
15 37
231 242
34 197
160 113
197 240
62 127
225 213
60 189
41 109
44 142
154 117
96 253
41 6
164 63
15 247
62 69
98 4
95 36
84 129
55 58
60 80
94 124
40 14
151 14
36 264
44 129
100 124
62 66
64 64
154 66
16 240
220 207
104 15
164 149
259 200
158 27
84 284
38 119
13 8
217 211
119 50
140 254
98 238
144 131
277 220
268 187
280 172
24 104
198 245
82 119
124 20
211 256
102 258
56 78
140 176
250 165
81 27
81 187
15 180
264 190
120 3
264 195
213 209
144 261
15 183
202 213
44 10
75 148
17 175
41 187
21 4
244 224
84 78
144 172
181 23
198 249
207 256
255 235
140 214
61 158
104 203
118 159
64 97
178 89
103 124
16 195
61 24
84 273
205 232
82 69
36 158
40 263
17 83
61 16
96 9
122 115
271 187
15 126
234 266
74 75
131 146
155 136
54 4
40 179
54 156
107 56
142 35
184 34
256 258
35 188
207 233
237 162
192 236
39 123
24 152
164 102
140 193
24 228
15 135
24 68
59 103
11 226
177 217
136 152
94 256
131 171
216 188
82 247
74 87
175 66
256 202
118 138
137 47
247 176
251 176
164 157
200 246
161 47
54 153
56 193
160 140
144 82
101 206
35 76
119 194
120 202
246 176
184 75
43 197
36 128
100 39
97 50
14 145
247 212
78 134
102 158
100 144
178 221
84 128
44 111
249 164
14 204
59 137
206 173
24 204
138 103
16 173
77 15
192 231
277 209
44 34
121 185
100 255
75 64
115 69
80 170
248 260
164 134
135 36
202 194
99 263
140 9
21 16
76 175
144 163
79 93
131 147
203 195
158 10
260 243
155 108
140 109
210 190
84 225
24 67
138 227
54 176
78 180
104 72
40 195
252 236
22 243
144 89
54 196
20 83
181 116
61 69
41 36
100 104
44 187
24 98
104 64
266 243
55 53
138 170
271 242
59 80
113 26
62 103
157 140
279 211
222 263
198 176
62 33
39 23
226 184
20 193
35 29
98 253
80 257
16 33
71 193
155 135
12 84
12 154
38 193
62 26
83 267
57 202
255 166
61 156
182 107
138 200
16 40
244 220
56 113
174 96
156 69
259 173
15 117
162 109
104 243
283 169
36 130
242 247
141 205
214 190
44 191
227 264
35 114
18 139
41 46
234 204
119 9
246 231
24 26
261 172
144 17
177 39
100 164
34 64
154 148
122 150
95 47
114 118
115 187
44 96
74 256
101 178
142 183
24 92
170 215
164 111
248 176
91 169
116 155
181 65
78 146
82 239
154 9
164 147
97 169
176 28
24 63
20 4
263 172
81 205
267 251
140 185
114 160
138 67
117 144
144 35
102 236
210 256
235 244
278 213
157 97
164 133
257 166
184 115
58 136
57 159
97 16
38 189
194 185
39 200
54 25
124 92
95 54
42 74
154 133
281 217
178 33
33 114
223 211
193 213
277 219
134 242
99 253
144 18
77 237
263 241
11 177
135 186
228 263
144 211
221 204
271 245
99 246
219 164
142 211
240 179
199 211
140 201
74 267
38 88
74 273
273 253
104 192
56 33
231 183
35 259
200 177
104 131
36 194
176 33
184 4
57 107
104 75
199 214
274 247
255 259
252 164
55 154
96 207
236 160
226 237
222 220
42 197
36 49
15 119
55 28
55 59
225 218
262 254
74 177
283 170
93 170
124 34
184 103
139 150
133 207
118 86
84 42
63 154
81 227
222 219
99 125
267 248
198 231
55 177
99 143
78 209
80 73
40 228
179 105
95 66
225 266
141 172
142 99
141 174
238 262
57 163
52 106
64 2
136 251
101 254
34 163
134 253
64 101
162 97
176 40
194 186
18 50
144 272
36 123
141 109
243 264
44 26
80 269
273 185
184 46
154 27
196 183
281 205
95 217
84 40
143 183
20 35
141 108
248 162
44 245
141 4
124 42
116 58
182 204
260 242
243 161
81 147
259 256
270 245
181 107
160 69
44 243
110 202
233 219
117 70
119 67
61 143
79 75
58 140
21 219
258 167
198 178
156 134
191 235
195 237
157 119
159 69
161 133
81 229
225 216
59 163
135 57
62 76
42 156
159 30
254 167
22 45
100 4
36 29
79 270
95 256
276 248
78 285
62 45
277 249
78 250
162 28
140 47
142 18
144 48
158 47
281 208
91 209
193 189
44 259
24 151
207 212
54 74
23 14
81 47
64 135
84 180
175 79
184 6
22 46
240 158
19 239
220 218
82 257
229 217
195 198
184 16
254 165
279 214
222 199
64 143
63 120
135 155
34 254
265 244
96 264
78 88
155 155
44 110
124 108
100 264
280 208
20 38
229 211
144 91
51 104
158 157
258 202
182 86
77 143
249 160
189 191
84 192
144 218
117 179
80 70
215 162
144 81
24 97
24 195
37 280
135 86
176 10
100 129
262 240
176 38
218 189
18 19
15 178
246 248
95 45
207 213
94 37
184 178
63 177
264 169
101 68
258 169
124 72
24 116
280 222
56 159
211 192
15 14
277 172
91 208
164 151
257 238
290 168
141 37
116 145
280 223
111 159
223 201
205 253
21 84
98 98
251 259
82 180
219 215
117 180
38 30
75 15
160 103
19 200
144 206
18 200
144 110
16 157
24 79
36 223
23 27
34 169
174 66
138 187
137 109
20 8
144 196
208 168
213 191
135 204
14 3
104 22
84 79
192 194
117 86
164 98
157 108
268 170
184 159
60 184
64 85
139 103
76 43
131 1
75 154
40 274
134 202
156 110
135 56
11 216
18 126
257 169
24 172
170 214
135 250
198 182
34 149
268 190
24 12
42 180
118 149
97 233
124 70
57 28
41 184
74 126
80 239
95 234
156 44
224 222
104 230
225 220
182 6
118 133
159 10
54 54
48 202
279 223
282 251
62 106
44 201
24 59
18 14
159 133
244 229
99 64
141 78
24 141
44 121
65 154
99 244
215 166
139 256
297 167
99 259
118 179
115 47
62 53
118 96
15 49
54 78
160 25
144 193
104 31
19 149
189 198
241 262
98 89
280 202
37 270
120 25
113 87
99 8
75 28
21 48
82 240
159 44
164 132
141 106
98 110
104 262
221 161
96 95
114 117
92 206
61 108
193 240
281 253
280 225
17 30
36 170
44 53
257 201
144 147
97 220
102 247
142 154
175 87
261 254
218 162
84 30
144 85
266 174
115 19
141 55
178 105
32 238
274 235
222 186
282 174
82 258
104 161
124 168
39 273
35 234
77 114
193 187
94 38
129 1
115 46
104 197
94 248
75 165
232 216
119 193
97 214
102 218
199 213
275 171
99 214
284 254
124 48
46 202
216 189
5 6
101 264
141 175
158 105
283 174
135 89
14 183
44 66
200 180
12 78
192 233
160 24
142 152
104 252
34 198
219 210
42 206
15 24
64 11
81 285
124 78
137 150
247 163
159 23
141 94
51 7
139 23
283 255
63 187
121 43
84 131
34 227
38 275
79 140
34 17
99 264
236 263
38 196
177 24
181 86
97 94
212 255
104 110
101 135
15 39
84 168
190 200
132 86
44 113
54 124
122 135
102 16
206 212
59 199
226 214
21 9
175 9
135 244
95 65
41 205
135 172
139 171
144 139
175 76
136 156
8 6
118 174
262 255
137 36
41 195
138 57
112 109
40 40
254 204
38 129
16 44
144 165
53 126
84 120
184 170
38 279
80 150
260 238
184 120
199 245
228 160
24 80
95 7
80 113
24 30
216 214
24 65
84 285
102 98
75 167
274 232
215 261
124 193
193 235
61 45
231 262
134 47
246 230
134 183
76 237
16 117
138 129
77 257
40 6
64 35
55 5
156 24
179 222
24 72
181 10
178 60
41 224
19 144
258 172
74 136
82 47
56 165
82 168
35 169
160 6
180 5
96 173
74 94
157 146
96 59
24 164
81 119
224 217
73 16
158 29
75 239
82 4
98 243
267 245
77 236
16 180
124 180
188 230
19 8
96 140
38 28
210 232
12 216
84 154
114 194
240 262
64 78
76 225
44 235
247 262
131 85
61 104
41 255
272 238
164 146
44 80
22 13
56 58
224 205
184 175
281 174
175 14
99 127
36 193
177 94
22 145
74 86
97 84
51 125
12 9
177 83
155 158
257 250
21 146
81 247
37 224
114 157
116 150
124 113
44 37
104 28
175 65
121 179
22 29
81 166
281 202
95 14
98 237
24 121
53 3
141 124
255 202
82 88
160 154
62 129
251 207
134 144
57 73
279 212
216 162
98 140
60 23
121 19
175 218
116 54
252 237
11 74
36 88
102 166
142 223
96 258
76 116
131 206
36 160
124 61
21 44
64 82
140 170
230 216
99 90
159 24
221 210
144 19
144 278
261 196
152 133
78 174
53 104
265 188
13 76
254 260
208 212
202 171
286 173
280 200
104 36
155 25
44 101
116 107
95 28
135 143
161 20
74 138
95 147
175 24
96 103
44 186
218 216
190 189
44 25
71 194
84 10
277 231
44 28
21 183
101 58
223 204
94 148
281 176
268 192
174 57
40 148
223 162
64 9
34 28
184 177
282 170
36 20
15 116
38 73
64 37
141 16
104 235
138 96
78 289
124 14
79 148
185 221
32 236
184 187
124 118
63 153
181 87
71 200
134 85
34 208
120 114
18 127
104 181
225 264
138 104
76 178
82 120
138 74
84 66
137 104
61 46
130 17
79 79
221 261
161 77
44 127
119 10
38 205
134 35
81 245
215 236
104 246
22 97
19 97
97 127
38 24
184 117
36 239
176 24
134 252
83 274
39 129
115 148
271 186
58 103
184 128
122 96
79 204
84 181
44 274
124 117
84 158
249 261
84 62
176 205
216 215
14 96
204 214
61 49
34 27
111 85
19 116
245 225
284 172
273 183
178 219
59 202
24 83
12 119
258 165
101 89
78 49
117 63
138 16
189 196
255 207
141 64
144 138
56 49
34 207
21 145
102 176
44 72
294 167
99 248
124 140
19 216
18 233
138 36
44 22
295 167
115 200
121 98
44 105
138 193
78 64
164 90
14 95
35 258
119 115
24 24
119 202
53 54
224 212
77 204
95 69
235 181
76 284
83 187
213 258
11 76
24 41
15 85
104 268
17 57
104 207
104 88
226 207
36 269
137 77
136 214
281 211
269 244
119 143
42 120
222 265
81 49
178 220
79 249
118 150
57 25
248 233
144 207
138 97
46 186
214 187
251 210
222 214
24 64
15 145
237 180
252 205
84 151
44 232
101 159
15 238
179 24
104 150
205 213
18 183
257 237
134 117
276 176
81 68
161 5
101 167
287 171
178 66
140 56
276 190
14 18
156 49
97 259
181 16
42 174
178 40
144 143
35 25
51 109
104 130
140 103
117 53
24 40
104 168
76 205
15 137
118 14
17 50
223 226
20 33
211 259
41 196
104 76
36 233
96 165
259 252
18 46
115 114
14 156
4 6
139 245
181 223
258 237
115 97
119 53
144 8
118 140
138 47
97 123
115 179
180 23
18 238
247 232
22 125
37 255
19 90
101 95
243 224
276 238
80 238
14 226
142 243
140 205
251 165
259 248
207 191
71 6
162 70
267 246
95 38
104 152
104 115
54 186
42 65
39 127
42 7
141 97
239 242
175 86
202 193
184 192
98 177
64 110
258 199
227 185
115 94
272 185
35 177
190 236
258 250
157 105
34 107
226 217
282 176
21 46
135 154
184 17
17 8
80 93
254 206
256 167
255 239
178 103
124 99
200 229
98 130
144 105
11 73
76 264
132 140
192 228
37 163
155 40
44 36
56 177
14 84
195 226
178 30
84 262
35 126
14 35
14 13
232 205
101 33
32 113
82 157
78 237
114 47
58 46
142 224
215 258
187 225
136 120
263 250
158 44
93 207
218 160
176 78
19 45
253 164
54 170
270 173
78 119
36 30
54 128
37 164
84 179
18 215
220 187
220 260
20 184
155 118
184 121
44 93
190 235
164 37
71 48
19 176
84 1
124 145
59 197
272 254
19 134
16 245
276 228
142 94
54 37
24 109
164 73
39 130
161 8
254 258
140 123
78 90
104 157
102 17
98 206
21 150
44 228
140 221
225 239
119 49
19 84
224 237
82 28
75 85
222 264
115 202
195 238
144 137
268 252
81 256
207 252
134 84
77 157
124 134
115 189
111 108
189 222
144 146
181 8
58 29
121 194
118 97
42 198
21 239
274 179
38 23
206 211
161 108
164 164
164 97
144 174
142 87
121 149
174 216
16 126
81 265
76 143
36 155
54 175
243 262
231 205
98 59
72 194
40 34
44 90
84 152
82 70
38 29
74 196
191 196
200 213
44 145
162 77
164 139
182 30
61 179
84 130
151 163
196 211
21 19
285 255
96 133
184 195
80 119
220 213
18 203
200 179
282 253
41 108
12 80
101 165
19 193
227 266
97 235
206 214
22 218
64 200
44 82
287 168
34 67
64 159
98 53
260 174
220 237
114 20
18 133
91 16
134 152
276 180
117 9
268 173
120 113
144 118
279 204
64 65
270 242
61 157
41 63
219 163
135 63
44 35
100 233
114 105
203 194
222 185
158 107
124 120
144 159
288 171
104 93
94 109
178 218
228 208
137 156
81 207
54 174
37 184
272 169
81 286
76 236
224 263
42 225
97 173
98 164
164 150
157 120
76 230
71 195
15 185
244 263
79 114
179 206
178 53
186 5
94 58
118 186
15 156
38 204
281 169
124 39
181 38
55 103
36 280
34 156
44 165
64 27
14 217
142 75
177 33
24 125
20 200
157 145
77 88
75 286
184 172
124 195
31 247
284 169
98 7
231 181
184 129
258 242
98 24
157 107
124 53
135 79
84 2
134 153
279 251
15 245
258 239
277 195
39 106
104 195
212 168
250 211
15 25
99 63
132 191
14 83
97 244
104 86
58 135
111 26
76 223
124 17
95 248
242 264
64 34
12 178
273 237
15 207
79 250
78 120
171 80
44 236
97 133
73 6
193 238
176 69
76 285
44 109
124 175
55 137
34 7
194 226
184 163
86 64
94 14
116 110
198 181
159 119
124 6
115 108
247 229
16 100
17 146
41 175
196 244
38 26
62 202
118 190
232 242
61 113
117 113
269 174
136 213
122 95
94 149
142 246
184 10
158 48
228 185
164 120
84 198
243 178
102 206
178 36
272 182
97 104
121 56
195 244
139 255
216 261
144 41
75 77
96 174
61 155
210 166
279 174
231 216
17 200
44 273
94 169
38 175
132 46
279 206
54 34
62 6
144 13
31 10
84 80
199 228
36 144
224 202
39 28
202 211
188 197
124 124
117 143
131 140
34 155
276 229
34 175
158 144
20 235
98 94
104 13
44 16
74 187
124 75
138 176
31 13
175 27
76 234
276 227
274 169
77 23
98 179
274 192
180 29
261 197
33 13
161 105
157 153
116 50
121 69
180 85
84 108
84 218
175 53
234 265
75 18
180 33
37 183
258 166
21 129
242 159
20 90
21 128
154 25
77 264
238 245
280 171
40 74
138 66
191 191
76 208
220 239
60 24
267 170
17 194
176 9
121 88
155 115
39 197
189 232
211 236
277 198
118 87
196 179
277 230
134 34
74 76
134 15
144 236
114 193
108 202
77 244
36 234
249 211
36 44
24 131
182 108
176 88
120 54
74 148
13 5
39 49
136 30
195 240
96 49
184 149
253 238
75 16
22 159
61 175
258 200
74 113
102 238
38 277
82 18
262 193
177 19
94 17
211 190
38 278
44 95
169 214
164 87
241 244
64 148
100 65
283 171
64 61
139 156
254 235
97 90
76 163
76 256
142 252
134 126
79 84
138 214
188 223
56 54
15 199
97 219
21 90
79 7
59 160
180 35
19 115
208 214
56 120
94 84
133 46
44 143
16 19
11 7
100 218
140 113
183 93
164 45
205 254
179 203
75 76
248 215
35 128
104 251
159 6
250 161
39 275
222 226
59 60
19 76
140 37
41 146
14 5
278 222
278 172
81 158
56 166
78 113
41 209
34 106
57 153
230 215
114 135
42 228
104 241
21 215
116 180
75 264
175 77
44 263
106 56
94 44
279 254
249 247
181 57
64 194
215 212
174 86
116 69
176 68
22 6
280 255
76 117
135 115
12 115
162 158
121 6
135 78
41 27
24 180
184 88
115 105
248 232
44 132
24 82
95 258
157 7
57 15
62 64
36 210
78 244
243 265
44 207
94 176
134 89
95 139
158 43
187 199
184 22
55 37
141 76
40 13
97 254
273 180
226 215
282 172
135 85
148 163
161 103
191 233
39 163
220 163
14 27
184 190
262 194
141 26
114 177
17 148
44 225
102 159
159 33
99 247
230 206
210 168
211 233
184 156
121 138
40 169
61 30
209 235
144 227
44 88
122 56
220 203
98 143
38 123
84 187
237 243
267 186
40 153
84 159
160 104
16 49
234 242
114 106
40 256
14 115
100 134
253 261
144 179
19 94
42 187
19 140
138 113
44 231
41 174
265 246
178 83
100 90
104 126
22 236
96 215
245 217
230 243
194 184
14 148
138 4
115 186
199 175
77 63
193 227
259 257
104 38
12 76
37 70
115 58
225 262
114 55
276 171
141 15
99 260
102 235
51 177
124 3
240 160
158 156
171 212
15 203
162 64
155 146
102 89
18 146
77 116
124 162
35 233
58 113
225 261
16 198
56 7
94 144
252 208
37 50
122 137
61 120
15 120
157 113
155 77
42 106
164 74
222 213
116 106
226 185
59 48
17 149
101 168
114 8
195 228
144 216
51 176
189 224
168 210
61 7
178 217
17 49
173 208
16 156
124 33
201 177
188 193
98 66
142 64
60 59
179 68
164 68
243 229
137 226
64 49
42 275
139 74
97 25
157 24
223 265
78 73
113 25
140 177
19 30
141 85
64 75
164 24
164 85
97 4
76 49
233 242
74 17
15 189
142 106
81 129
62 17
269 186
118 44
84 290
44 238
258 238
121 160
15 194
24 142
142 45
155 14
96 180
159 140
201 250
57 27
194 234
64 56
142 253
114 24
24 220
62 73
104 258
75 120
37 200
75 168
100 34
225 238
115 145
162 99
144 15
229 158
176 76
201 176
76 245
220 164
260 168
184 135
260 257
38 25
176 63
36 114
158 14
220 160
61 174
160 96
144 184
81 267
259 254
74 15
84 202
157 64
218 213
167 213
234 181
172 217
91 1
104 92
102 68
44 195
71 47
21 36
97 39
80 15
64 196
24 10
135 97
31 255
104 199
218 214
44 178
75 205
116 173
35 277
82 6
96 249
155 107
121 200
22 124
144 140
155 37
180 18
280 211
139 120
141 212
158 70
179 69
12 157
180 88
122 139
76 210
19 24
275 231
279 172
220 215
51 103
118 50
222 204
115 109
193 233
35 27
64 50
43 177
118 70
144 154
121 84
124 103
137 144
24 112
41 179
256 237
44 7
77 210
245 179
40 230
44 108
16 50
104 27
34 85
215 260
210 215
98 219
35 74
99 134
266 242
227 158
82 136
41 25
268 247
250 176
205 192
57 113
251 205
44 11
131 57
243 180
176 30
82 5
99 65
37 150
84 56
161 25
60 125
33 235
141 19
248 210
41 20
138 240
198 194
97 15
95 177
19 33
179 53
101 65
62 185
21 204
212 256
201 174
176 104
99 124
84 155
36 7
24 18
22 184
253 248
100 58
81 113
180 10
193 232
44 146
141 8
100 40
224 214
104 180
159 26
159 7
21 209
136 46
60 120
253 236
107 57
208 169
136 150
118 56
79 224
144 231
21 98
256 249
142 194
115 155
64 125
280 210
33 106
242 158
99 53
174 108
76 16
280 214
124 11
115 178
203 228
102 109
213 190
64 57
102 50
254 261
64 7
157 33
161 76
78 79
140 222
14 136
74 278
201 173
35 64
21 243
57 120
77 135
139 186
92 15
179 70
76 80
190 234
228 238
14 157
35 48
102 207
82 248
113 159
257 240
142 226
279 168
211 166
164 82
95 49
175 64
118 183
41 19
117 59
40 165
115 157
117 13
62 137
161 104
17 126
42 270
274 253
277 205
19 19
24 149
234 160
234 244
117 196
64 112
79 89
272 251
184 173
155 98
14 88
91 205
95 44
144 74
190 225
270 189
179 1
97 106
75 124
209 214
99 178
61 186
78 85
226 219
201 211
34 74
39 173
118 116
206 174
259 170
192 240
176 29
184 167
223 221
20 149
136 180
121 28
257 198
22 244
100 10
274 178
136 157
36 89
38 150
157 13
15 216
22 154
136 202
14 243
184 64
104 32
41 128
206 252
179 23
38 7
64 182
154 76
15 157
206 232
229 264
115 117
115 70
77 230
39 209
155 157
211 214
222 216
42 147
64 41
197 181
100 64
184 97
273 189
215 188
14 238
175 74
176 53
174 28
104 42
101 158
215 210
279 171
161 44
160 80
78 169
227 209
36 14
35 45
24 113
64 193
119 68
139 220
54 39
82 145
228 184
38 44
260 255
195 197
257 258
132 211
231 182
140 16
207 211
123 202
184 200
75 178
81 5
21 127
275 183
278 215
42 166
164 166
233 220
79 203
36 275
44 19
263 251
116 109
118 49
98 39
261 174
158 79
62 178
204 174
84 21
38 230
81 8
178 3
76 244
144 78
94 245
272 180
135 220
51 106
38 209
81 44
24 127
19 194
144 117
44 51
138 86
135 151
60 194
184 45
142 175
144 71
175 23
253 260
38 114
79 288
72 5
80 205
76 140
84 72
142 88
84 76
60 154
94 237
38 184
137 245
184 79
61 9
285 254
82 17
84 278
152 13
244 246
273 235
64 36
44 156
139 24
64 14
121 118
23 47
98 248
135 144
41 66
75 27
118 114
44 68
249 163
46 165
190 201
84 29
181 89
104 213
164 125
221 208
220 262
98 239
278 218
13 83
136 200
84 210
104 54
34 80
15 214
121 50
114 87
142 67
117 199
95 97
272 252
278 208
99 89
24 148
222 205
72 49
164 38
21 218
275 250
251 261
220 265
231 243
21 35
210 258
141 77
77 170
104 234
75 265
220 216
102 67
62 25
58 163
161 100
81 19
57 119
259 251
140 249
39 208
19 215
141 49
77 86
95 255
228 218
82 228
270 246
271 184
37 154
82 225
135 106
96 243
45 165
164 107
84 85
44 60
224 219
194 236
53 8
229 183
223 224
82 25
138 213
104 89
19 13
99 129
226 210
246 246
57 177
261 170
24 62
261 249
273 239
160 134
22 228
104 4
175 99
157 114
104 176
277 218
178 75
158 23
277 201
75 279
144 223
98 156
13 77
74 78
114 94
60 53
61 54
35 68
42 146
221 201
61 4
101 177
38 144
64 100
11 215
144 197
141 96
275 184
52 5
124 198
184 3
122 89
244 230
41 263
142 107
61 136
84 49
137 119
61 15
137 3
254 176
24 224
169 216
74 85
44 94
101 187
224 239
99 93
249 231
16 200
144 132
44 276
75 209
20 183
84 277
277 171
158 33
124 5
99 249
58 185
281 218
95 257
172 214
142 216
34 38
196 226
100 135
262 172
201 251
284 167
62 164
84 100
35 239
176 77
34 206
96 99
121 96
21 237
118 143
144 24
84 69
84 57
96 83
104 158
84 203
141 243
231 241
116 86
276 234
271 243
257 241
37 120
161 34
124 86
192 224
107 58
66 187
15 149
187 198
124 105
80 263
76 144
229 213
80 48
79 226
104 94
114 136
136 194
78 69
135 182
79 209
206 233
100 94
100 59
197 185
142 184
194 198
94 48
158 134
124 130
40 159
97 157
124 177
224 223
174 56
184 48
227 183
104 206
136 85
94 43
37 170
276 252
225 209
209 166
119 60
24 130
144 229
35 113
16 38
78 127
258 170
134 6
52 54
54 166
221 160
100 105
54 129
56 15
41 73
84 111
212 211
162 149
131 142
84 107
159 74
160 73
228 214
74 156
78 196
116 19
16 203
135 14
184 191
74 146
202 177
174 75
61 178
176 73
204 169
139 250
84 102
178 107
51 107
121 117
101 186
16 5
99 250
200 214
156 15
98 214
160 64
35 228
247 160
56 202
201 245
100 24
55 115
44 255
121 7
194 182
79 113
280 173
104 105
15 225
184 144
120 140
94 95
34 45
144 271
116 144
62 27
39 69
33 14
176 54
255 247
137 177
206 255
99 128
42 25
62 47
17 84
161 140
174 76
221 216
52 104
142 155
176 19
164 76
160 20
256 168
241 177
282 173
155 15
233 204
35 235
104 247
44 137
246 229
78 149
101 214
101 134
38 263
104 138
204 193
122 50
140 181
64 17
24 19
97 53
202 178
13 216
76 63
115 20
34 104
121 18
35 170
272 171
21 157
202 210
144 26
189 195
55 135
280 207
252 165
144 49
161 29
161 19
19 46
220 263
173 75
134 74
164 17
154 26
64 103
41 154
12 77
182 105
184 29
171 53
277 194
102 59
243 247
75 24
280 205
139 66
76 70
54 104
24 176
24 81
132 170
101 23
253 235
114 64
207 255
24 52
97 253
60 160
158 50
269 190
84 125
281 172
76 6
184 150
260 200
215 233
81 156
100 3
134 69
194 187
64 151
203 251
75 6
100 157
184 39
131 212
14 250
121 68
81 149
42 47
122 160
19 199
101 239
75 257
64 158
203 174
84 44
41 173
36 24
135 152
244 245
135 68
204 254
244 160
231 264
96 98
104 238
279 215
288 169
144 240
164 142
164 103
44 167
211 255
16 234
213 260
122 49
62 77
94 56
244 159
116 108
122 140
101 56
73 44
134 108
244 223
34 73
41 188
136 79
137 97
206 213
282 171
275 191
191 228
38 69
195 184
54 118
15 118
179 67
179 220
124 135
193 239
190 192
193 212
209 254
42 169
96 169
144 76
104 250
115 7
184 24
101 248
167 214
104 218
275 195
36 229
155 145
24 17
159 103
14 189
206 210
185 201
184 40
64 149
16 83
62 197
99 207
244 226
45 169
210 234
136 241
175 104
136 29
249 232
17 176
55 169
94 136
44 70
114 27
84 205
139 119
144 97
21 47
79 210
35 209
215 259
137 79
96 124
36 268
136 57
97 64
98 103
55 134
44 47
38 207
121 115
207 232
156 109
17 204
84 126
144 173
84 266
145 222
157 10
159 110
84 248
104 133
78 139
175 68
79 225
99 60
60 114
230 182
159 114
142 5
64 104
198 175
61 19
121 140
84 6
159 27
137 213
97 260
260 195
21 125
44 123
115 106
56 108
243 160
246 261
280 217
249 178
94 65
100 43
181 109
246 215
37 230
95 174
137 194
161 93
231 218
16 149
97 100
277 235
119 69
15 144
260 199
104 210
252 232
62 54
175 55
236 181
84 93
76 78
19 43
79 74
198 228
94 67
141 99
18 145
209 233
137 187
54 117
175 205
38 70
104 139
84 238
81 167
104 167
144 121
208 232
270 253
38 198
198 197
141 59
170 1
191 199
181 1
21 14
114 95
138 171
96 63
184 198
94 123
61 119
21 18
83 287
94 178
270 248
100 127
253 162
39 38
15 17
24 251
98 264
139 97
84 250
184 105
104 144
144 258
35 229
32 237
252 261
80 173
258 197
144 199
36 188
24 237
135 77
24 201
161 144
10 126
252 247
43 206
132 146
207 169
35 78
39 47
94 34
188 232
180 75
104 14
162 120
18 94
40 64
247 264
214 211
138 23
79 289
64 105
22 30
39 223
11 157
181 55
184 113
178 108
24 178
208 170
104 189
184 194
219 237
15 99
119 58
253 258
55 64
64 33
138 1
75 176
22 16
97 89
271 247
124 102
197 229
41 169
218 238
16 120
251 260
82 124
74 64
218 164
103 144
277 176
39 189
142 222
99 144
100 33
44 160
102 216
44 193
19 89
228 159
177 60
74 244
94 264
61 134
206 169
227 215
229 262
38 34
181 205
80 237
64 108
138 245
18 29
80 139
20 19
233 160
144 230
121 116
178 24
144 1
64 96
230 219
158 154
102 255
177 220
234 183
229 265
279 225
119 19
104 78
21 126
74 100
58 48
64 93
226 266
62 195
77 6
157 34
79 90
104 108
58 187
42 66
244 180
94 97
190 191
77 223
36 256
60 49
50 202
199 229
80 127
141 171
99 243
92 157
277 234
104 39
42 45
44 190
201 195
79 229
122 94
97 213
115 56
167 212
118 117
175 1
13 215
24 120
44 256
100 140
173 207
124 63
141 14
246 247
142 108
202 247
131 170
161 150
104 35
180 14
55 113
241 243
18 95
156 73
87 1
244 264
63 202
98 67
141 86
71 255
35 255
96 135
277 188
120 4
233 183
72 257
18 8
183 223
248 165
101 170
15 138
184 96
184 53
256 241
184 50
141 173
94 36
175 73
204 230
276 236
259 201
98 63
134 30
181 39
194 233
100 263
84 46
124 165
227 212
189 226
37 90
60 159
98 258
236 159
38 178
257 202
34 263
239 158
53 202
75 118
275 253
35 155
251 234
186 225
208 256
106 57
120 195
35 44
10 226
135 35
99 103
176 58
232 217
144 25
273 248
157 4
84 291
223 207
10 227
117 136
136 255
173 53
74 84
232 241
225 183
15 206
18 140
24 160
101 84
175 89
272 181
279 227
96 250
24 218
15 127
84 256
98 84
12 79
229 266
175 18
16 99
137 240
144 102
184 78
40 174
82 75
41 264
124 97
57 164
24 232
144 204
182 1
134 114
277 182
81 180
81 148
59 53
141 75
186 4
104 159
180 3
218 212
55 16
270 169
120 10
39 90
38 195
104 200
78 290
215 163
144 243
124 31
41 87
217 263
184 183
230 208
239 262
24 107
178 67
12 75
54 45
31 7
184 127
84 17
17 7
214 237
51 66
104 214
290 169
101 108
38 183
18 47
232 161
41 275
101 169
24 175
39 74
203 210
193 184
183 1
142 125
136 181
225 161
224 186
21 26
96 263
97 107
67 187
228 217
124 142
74 276
64 43
98 265
216 187
280 203
195 181
24 106
100 169
98 235
223 198
200 245
247 161
194 191
95 215
244 228
104 141
76 203
117 66
94 206
42 177
290 167
158 149
58 197
247 228
195 182
118 199
180 9
124 163
278 210
203 249
67 74
41 199
36 203
230 162
136 1
212 164
81 164
138 239
80 45
277 222
279 253
119 66
15 237
178 35
117 189
22 224
41 198
84 228
211 191
177 204
266 173
261 250
101 125
210 191
84 288
124 94
56 59
64 163
104 87
44 154
121 114
58 137
258 258
104 100
79 273
99 179
35 88
116 14
144 155
191 197
120 105
158 63
21 238
141 105
154 68
164 42
74 19
160 10
281 171
20 133
95 5
133 194
34 174
36 90
144 84
164 116
116 49
209 169
99 258
73 43
95 98
172 80
159 46
84 271
104 25
135 185
157 155
191 212
54 24
279 175
192 188
256 175
59 59
42 70
84 16
255 174
78 136
21 89
100 206
241 163
64 28
44 71
184 8
202 172
142 192
140 80
141 196
231 266
216 234
124 29
221 217
178 23
144 275
62 29
136 186
124 188
92 209
34 48
100 163
213 261
59 144
17 116
183 202
91 207
235 264
94 258
84 26
104 254
221 222
22 57
99 104
165 1
78 263
255 176
221 159
34 178
17 90
61 44
44 279
282 167
278 251
174 100
64 66
38 130
191 194
164 158
276 183
98 234
75 43
112 108
100 60
82 7
116 105
21 236
217 188
100 55
19 77
152 163
155 159
14 87
57 193
179 60
176 110
116 185
183 222
99 266
117 197
95 86
34 255
197 244
84 88
120 199
142 133
22 217
81 45
157 154
84 255
197 226
121 133
221 238
189 229
212 210
117 194
96 255
204 171
232 243
58 119
84 199
228 266
55 36
122 87
98 65
82 266
43 169
38 229
96 213
144 29
223 218
37 129
203 170
211 210
141 128
114 159
142 58
164 7
99 40
216 235
92 210
24 96
190 194
264 170
74 287
62 16
64 90
55 6
215 215
96 50
76 249
159 70
101 103
117 60
44 281
157 74
181 24
121 54
255 167
134 67
275 232
117 14
61 129
124 58
82 138
134 116
40 124
24 114
140 86
154 93
224 216
278 200
162 147
144 64
11 227
39 48
34 86
278 194
42 67
19 48
84 132
35 69
144 100
124 80
141 119
243 225
104 156
142 7
201 214
34 117
104 70
179 83
118 118
257 167
141 151
175 39
42 157
76 24
24 36
176 94
84 98
278 169
39 256
55 24
20 143
208 167
115 135
36 153
101 215
53 103
24 56
135 104
117 193
84 148
84 5
182 17
21 15
71 16
42 257
254 256
141 143
278 199
195 185
96 233
64 54
193 211
115 49
211 258
21 147
251 235
104 109
104 117
54 114
255 250
99 49
210 169
270 252
184 119
24 200
164 108
277 191
114 173
124 71
155 35
191 188
55 147
61 196
179 103
144 16
120 65
135 174
41 185
20 140
84 213
223 206
137 249
121 189
196 230
253 167
44 49
224 207
15 215
14 246
14 127
14 207
231 265
120 63
118 59
178 76
96 218
56 164
160 23
18 175
46 167
177 89
60 153
58 195
21 175
31 9
91 157
176 5
24 94
81 85
64 170
64 99
104 102
75 84
259 196
41 69
59 23
219 259
178 34
114 116
175 97
41 47
144 69
15 44
274 241
195 214
245 219
84 135
215 190
84 268
184 93
64 123
176 1
161 139
41 89
81 287
184 139
145 225
22 147
220 211
171 214
116 183
203 172
44 20
100 267
255 249
97 174
95 27
178 104
172 76
80 156
271 253
195 187
38 173
24 2
34 126
44 39
144 270
206 229
142 59
141 58
142 245
164 156
121 65
74 116
60 78
158 20
275 230
144 28
44 269
24 240
278 201
124 104
160 74
258 256
144 27
138 78
205 174
22 17
158 120
16 235
84 39
117 150
42 13
80 256
188 231
124 197
34 226
154 78
212 190
262 250
104 69
280 226
53 15
164 113
15 47
119 20
118 58
115 4
74 243
162 45
245 244
225 205
80 120
124 7
203 232
97 35
64 81
235 182
60 67
73 7
115 134
99 239
141 253
84 241
134 1
117 96
94 35
277 253
58 153
216 161
184 169
11 178
31 238
245 248
181 204
180 55
71 44
60 104
133 1
102 60
124 9
76 149
142 98
184 134
144 188
60 43
42 226
115 6
181 93
80 235
32 4
124 150
97 164
45 189
279 217
75 169
177 110
122 55
98 254
257 196
197 228
124 25
80 174
77 270
64 132
135 221
44 61
34 195
118 9
281 207
175 15
75 95
41 235
16 45
239 159
13 3
136 256
124 22
139 193
36 25
117 26
21 149
16 139
274 239
144 247
202 252
102 7
223 161
80 75
180 4
250 210
41 29
121 199
214 234
115 87
158 106
82 137
225 210
164 25
116 143
135 5
222 163
17 19
245 222
135 125
82 48
80 265
20 40
114 29
124 149
118 106
97 207
55 194
138 29
137 255
144 135
12 155
50 177
184 221
135 114
218 263
250 235
22 209
78 63
281 204
182 202
157 147
124 176
164 67
79 50
101 19
56 29
188 194
24 34
154 63
82 87
248 231
280 176
84 95
137 201
286 169
35 236
277 232
82 265
45 167
20 215
96 163
243 226
116 70
77 85
39 27
84 53
144 114
122 159
40 145
44 216
240 159
80 143
156 50
124 96
144 54
84 189
95 237
75 280
199 180
39 210
116 159
245 245
76 69
176 103
124 28
144 107
221 164
118 189
45 184
96 123
44 50
97 60
245 216
54 164
142 14
17 216
75 187
161 149
40 7
100 220
104 128
278 197
122 43
262 241
36 143
35 18
144 111
81 120
209 256
131 37
81 273
118 120
95 95
272 248
39 279
102 83
44 76
124 190
124 156
141 155
282 168
15 197
94 46
140 255
196 182
291 168
258 201
20 126
39 45
124 98
75 127
203 213
60 176
174 217
134 55
144 171
42 208
253 208
118 64
266 188
97 34
270 171
139 4
120 134
138 79
55 38
82 159
238 265
250 247
41 259
102 84
58 24
71 46
190 231
15 175
232 218
182 68
24 215
58 25
157 63
291 166
222 209
222 207
196 198
37 89
231 158
145 224
154 158
144 7
255 248
95 16
21 29
57 80
34 143
100 240
62 187
84 172
155 104
37 204
204 229
279 177
184 95
39 153
174 209
60 158
69 187
141 211
119 97
141 214
77 73
208 171
16 244
184 42
207 253
178 59
119 13
250 160
184 72
120 86
14 86
94 246
100 110
74 197
50 176
75 69
17 140
245 215
75 125
221 214
157 150
104 16
39 269
120 174
74 165
44 107
98 34
131 16
223 220
243 245
223 215
212 212
222 200
52 177
101 7
44 112
24 99
56 60
190 197
17 234
20 23
279 224
122 5
54 168
117 44
15 4
141 251
207 215
24 171
31 8
284 173
64 5
157 35
50 67
138 249
34 128
116 55
137 96
124 131
59 126
20 15
76 156
250 162
279 228
64 109
269 172
238 160
41 208
37 223
81 159
35 204
217 235
154 147
74 247
39 114
234 243
164 86
219 214
96 267
121 155
217 209
118 144
144 126
96 170
136 103
159 19
262 192
19 20
184 145
84 164
35 264
44 43
182 16
84 276
251 246
84 239
132 194
37 113
224 221
256 203
118 194
38 256
84 289
250 177
264 240
36 185
174 36
182 18
186 9
63 144
226 265
121 64
84 280
248 164
96 54
274 187
81 128
96 239
184 133
248 247
14 190
135 15
249 210
38 223
122 15
156 9
95 1
101 247
35 66
72 196
164 44
19 93
16 13
189 197
144 264
24 6
184 55
213 236
193 237
61 144
75 46
184 91
77 69
76 120
134 173
84 287
197 178
276 235
160 45
24 229
248 211
273 182
157 79
81 249
181 36
19 156
175 56
234 219
134 207
207 234
24 223
138 56
183 76
104 21
155 75
120 68
104 10
93 157
17 44
160 33
235 160
24 48
76 48
16 246
183 221
227 161
281 219
116 13
34 225
194 189
252 246
95 179
99 164
160 163
34 105
96 53
244 265
52 126
263 171
118 187
22 8
285 172
84 212
228 210
114 70
95 37
64 122
144 116
64 15
61 202
77 144
41 49
17 150
76 169
75 17
44 12
141 182
159 100
60 133
140 1
248 177
120 14
32 255
102 57
131 47
162 46
275 181
209 167
98 35
55 65
40 194
15 250
58 125
97 23
192 230
158 49
81 25
175 98
41 166
211 213
24 91
115 44
81 67
116 194
26 13
44 21
96 23
243 163
81 234
251 161
217 187
209 210
98 249
24 222
253 246
96 43
269 185
222 160
261 240
136 37
12 177
158 140
76 235
233 159
44 194
138 85
160 119
54 47
192 195
72 46
277 224
164 128
34 278
75 126
164 99
98 175
104 62
14 208
41 159
130 37
36 19
259 258
55 166
133 47
136 36
54 65
38 50
222 202
44 114
164 60
156 18
198 246
44 103
81 117
255 238
95 129
177 64
222 203
174 54
259 169
16 20
224 185
19 44
52 16
75 229
97 99
124 182
138 109
178 19
276 230
14 133
37 74
196 212
94 238
79 196
124 138
77 274
190 196
141 184
141 28
226 159
180 93
41 194
176 13
104 18
100 123
171 79
118 60
44 218
117 67
37 235
280 170
156 70
80 126
98 90
158 148
253 249
138 37
139 16
59 133
82 93
270 243
44 124
55 17
84 121
281 222
164 122
58 60
97 103
15 187
18 26
158 143
265 171
32 247
133 170
215 209
124 159
61 79
261 257
62 136
241 261
63 110
236 180
75 256
254 163
141 215
264 193
15 125
18 149
177 206
215 237
271 171
34 264
80 89
274 240
141 216
270 250
124 181
34 113
34 88
156 19
121 193
114 69
124 137
114 186
104 120
162 140
161 74
41 148
161 145
63 163
56 133
284 171
42 185
80 234
115 96
247 218
252 248
44 131
92 155
121 159
214 215
71 8
56 36
104 248
98 247
64 30
40 120
139 36
135 55
61 163
190 233
158 69
18 134
184 69
95 8
180 58
182 57
15 28
261 256
16 204
187 200
247 164
185 220
276 197
80 187
98 245
81 228
84 99
37 66
144 96
269 242
104 46
141 34
80 140
114 137
181 104
271 183
115 26
76 93
64 89
79 117
17 184
42 88
188 195
31 237
278 216
144 52
96 64
277 254
44 164
84 259
54 18
140 251
58 34
44 215
59 193
196 246
61 189
179 204
95 67
22 237
98 129
202 230
78 114
117 87
135 184
21 158
59 190
181 14
82 179
40 125
123 96
206 168
249 260
216 237
94 135
228 211
64 116
158 25
64 155
98 220
176 8
134 241
180 60
236 179
81 196
132 45
84 41
219 264
158 100
204 252
161 49
144 228
142 171
230 240
78 269
80 49
20 95
162 25
184 52
229 162
59 188
95 145
181 84
17 24
264 250
164 163
97 163
115 119
41 278
35 46
78 83
20 9
144 113
37 273
64 133
224 206
160 109
227 238
37 236
119 63
41 86
175 7
97 143
245 162
237 263
94 18
102 38
58 189
142 27
15 218
56 194
142 47
121 58
64 198
223 263
122 26
122 117
269 250
248 217
77 117
59 139
39 73
16 116
24 159
184 86
257 175
104 261
17 233
40 273
122 7
141 252
144 39
38 6
264 253
24 183
277 203
164 148
104 101
136 207
40 224
191 192
21 154
39 126
160 63
44 77
154 97
54 5
155 154
267 252
42 165
134 78
192 185
32 239
39 235
171 213
74 240
122 98
62 188
279 196
140 180
24 45
42 155
58 193
57 165
72 198
72 6
57 114
140 152
159 29
120 70
81 154
159 158
62 156
34 266
184 99
134 75
241 245
98 124
274 170
80 224
255 205
132 147
24 217
259 198
245 224
78 126
104 184
39 20
12 179
118 154
135 254
124 41
124 73
19 139
87 64
101 9
194 213
117 20
81 173
176 89
84 247
24 147
154 156
144 191
119 196
74 234
141 70
11 119
191 189
223 208
102 40
82 274
41 156
118 20
206 250
101 24
71 254
104 145
44 17
78 273
144 209
200 178
141 192
161 157
59 125
44 52
92 205
188 226
21 148
278 179
75 114
250 261
79 169
39 120
116 45
36 113
144 123
135 105
57 126
175 217
286 172
161 96
233 266
215 211
54 103
54 125
122 199
276 188
140 29
135 176
74 96
44 91
22 7
56 140
36 45
187 202
54 76
97 49
57 45
255 206
120 194
131 213
215 213
174 98
131 207
24 39
57 160
76 265
72 195
60 50
64 175
97 37
82 226
64 52
24 9
144 269
121 186
120 13
76 7
190 227
116 148
77 249
44 62
144 122
44 150
161 163
44 8
118 188
252 209
226 241
240 263
84 267
115 116
140 245
135 126
75 276
220 212
174 215
226 240
231 184
104 255
75 269
96 164
182 88
41 227
260 171
35 237
140 65
195 227
18 176
81 70
120 9
36 76
159 109
72 7
209 211
258 248
177 103
77 273
184 5
274 233
175 17
162 139
103 167
276 184
246 264
231 206
154 155
96 15
263 244
144 59
64 72
245 177
84 136
134 64
121 70
198 177
158 108
208 255
21 228
84 232
94 83
285 174
21 216
119 133
146 243
24 93
219 261
21 76
183 203
101 166
142 78
95 247
262 251
181 67
38 27
97 43
181 203
115 95
260 252
64 94
139 206
184 151
117 19
118 173
261 199
112 110
118 66
234 206
187 223
64 150
24 209
74 206
257 174
118 69
51 6
44 166
197 239
164 84
251 233
36 169
119 187
156 163
37 64
41 236
39 280
259 175
39 224
24 193
64 117
177 76
183 224
54 15
62 60
94 98
274 186
168 213
104 66
93 169
151 133
40 189
124 32
44 246
184 58
285 167
56 199
26 247
277 233
36 273
155 137
189 233
225 185
122 85
172 78
95 43
256 199
122 186
124 171
91 155
141 6
115 55
52 108
115 43
79 238
144 164
101 123
24 86
79 94
104 221
184 106
175 207
121 55
118 57
144 149
144 158
144 9
84 253
197 211
82 233
138 207
276 226
44 189
44 158
114 185
118 119
140 28
44 239
144 141
83 244
84 140
272 241
201 175
257 255
82 244
12 120
244 161
230 207
274 252
279 199
256 164
261 238
144 201
217 163
79 116
146 163
44 97
58 120
41 124
176 35
92 16
66 153
196 184
14 76
188 228
276 233
101 99
19 98
31 6
102 24
266 244
273 240
155 144
100 1
84 123
104 219
81 168
154 107
154 46
36 159
104 142
161 148
22 210
121 198
258 173
137 207
64 183
271 189
197 247
119 149
157 6
144 144
42 179
175 106
19 9
53 177
121 15
36 247
60 119
120 154
39 39
225 237
44 134
64 80
39 43
17 13
140 182
160 9
258 240
253 176
15 34
124 52
13 115
95 207
176 34
111 25
178 84
62 177
84 143
118 136
144 167
84 219
20 195
104 227
95 169
77 224
220 162
102 124
255 260
139 79
267 242
181 34
20 76
24 213
36 224
100 143
259 166
170 212
74 69
135 96
78 116
44 75
124 183
144 254
34 25
142 68
75 115
209 257
22 156
80 94
197 243
84 19
64 192
195 229
259 239
75 98
22 225
101 245
54 137
70 187
118 160
274 182
147 242
20 93
35 117
275 252
156 45
218 161
264 251
91 15
164 72
58 8
144 53
116 97
61 114
17 99
270 170
182 23
101 139
44 102
250 263
18 243
176 80
37 189
16 186
138 194
265 243
15 38
61 106
116 160
97 24
101 156
81 268
241 266
117 138
178 206
273 173
158 19
98 36
174 38
246 262
271 169
155 36
263 252
95 85
144 119
104 19
183 220
57 105
281 175
193 186
141 227
82 197
189 199
14 196
104 29
101 66
136 124
80 16
22 90
208 258
142 193
119 173
207 257
35 26
24 194
52 6
62 196
247 213
285 166
228 183
144 156
164 40
262 243
22 18
279 202
202 195
161 4
84 264
121 4
136 245
41 256
82 125
75 173
203 193
104 259
64 53
104 225
55 197
177 104
132 206
188 227
34 26
112 26
134 226
141 156
79 287
104 165
225 160
84 96
246 163
235 263
267 192
54 149
55 67
20 39
94 130
216 259
98 9
182 37
251 206
137 221
119 113
81 65
225 186
79 197
72 47
230 266
179 38
162 110
79 174
16 35
72 256
104 2
41 168
75 204
195 186
220 204
240 264
64 31
164 117
119 59
174 94
212 232
100 219
97 63
142 65
164 155
94 146
35 17
163 114
117 154
15 208
21 77
164 141
113 105
250 209
81 83
114 187
35 28
184 110
104 164
14 248
100 170
223 216
81 26
258 249
159 134
14 227
40 225
24 244
11 156
21 96
79 80
62 108
84 116
138 110
279 170
60 75
135 8
281 255
22 24
142 114
230 158
162 69
230 218
155 45
181 76
54 48
38 143
95 176
161 63
18 236
81 124
274 185
84 281
55 157
140 172
84 240
260 256
118 185
250 245
144 262
76 204
172 1
144 5
132 213
63 127
56 104
84 167
160 34
94 57
84 184
120 66
224 213
45 164
11 179
35 85
66 74
164 80
115 188
159 73
22 5
219 213
51 53
75 267
214 212
234 262
124 174
176 74
78 270
52 103
273 238
228 209
94 6
84 200
24 118
273 191
230 262
36 228
227 159
15 239
15 219
44 188
144 142
270 185
120 200
82 19
96 26
263 169
124 21
132 192
114 115
96 214
95 6
40 168
79 69
81 4
119 154
95 245
15 188
189 212
144 279
24 53
158 104
219 262
160 97
162 96
228 241
120 115
54 33
141 193
78 77
60 44
164 126
98 246
57 35
44 181
246 177
101 259
122 84
184 108
124 100
59 15
44 226
24 124
37 67
10 127
144 61
124 136
31 14
62 175
142 185
102 5
160 144
56 16
72 16
38 14
18 210
193 199
134 17
84 233
198 230
157 14
24 123
34 36
24 100
230 241
265 251
232 219
22 27
122 144
118 26
104 204
79 70
144 31
243 222
44 258
81 136
104 175
40 158
244 262
44 162
124 125
57 200
57 74
124 1
237 262
171 77
96 100
214 188
171 217
117 3
189 227
154 146
159 34
119 114
158 34
79 223
205 231
184 102
64 187
60 195
216 165
275 187
190 228
141 222
60 34
95 48
12 215
18 83
190 188
64 60
100 215
99 105
173 219
164 66
24 234
101 57
24 126
225 212
104 193
98 60
156 113
265 173
275 247
184 33
74 176
75 207
219 162
24 219
280 204
37 149
184 122
198 195
117 50
197 230
34 109
140 220
248 214
164 57
276 253
42 178
134 213
44 157
46 187
249 246
215 167
44 210
16 14
144 226
74 277
24 243
103 136
55 187
214 167
54 66
124 18
44 81
95 26
240 266
18 28
95 150
96 10
256 239
37 106
241 178
17 185
226 211
51 8
216 260
80 65
275 228
75 145
54 14
103 157
60 163
102 165
74 246
35 65
159 139
42 170
97 126
277 225
32 8
124 178
81 233
84 64
114 7
102 56
204 210
99 256
40 229
95 238
101 96
267 190
32 114
144 244
113 106
278 195
41 206
130 97
258 175
277 196
24 57
255 168
24 190
240 265
245 223
188 222
36 84
237 264
164 64
15 174
95 134
0 6
283 253
134 170
104 26
154 136
141 242
259 199
140 5
203 173
119 65
37 256
84 170
124 167
136 10
16 133
137 125
44 175
24 108
21 198
140 156
196 228
100 245
21 5
38 224
217 214
38 47
135 95
95 17
135 119
178 204
254 175
133 85
78 16
38 236
175 85
39 278
44 254
256 256
175 35
184 76
277 216
144 75
138 177
75 245
78 274
124 184
229 212
192 227
184 2
250 163
33 255
119 96
116 87
266 245
253 207
101 216
100 108
34 68
164 6
227 206
135 183
141 206
21 116
276 181
21 203
237 265
238 159
194 181
161 120
164 50
42 26
64 87
217 237
82 116
184 153
178 29
224 240
97 139
157 43
154 48
131 86
21 224
44 122
272 249
61 159
205 255
274 189
76 290
64 180
154 105
42 263
254 236
244 219
82 207
209 215
81 93
101 255
78 80
154 40
253 204
44 120
274 237
164 55
39 19
44 253
22 134
224 264
259 172
16 6
18 143
142 66
104 173
44 27
104 103
193 188
122 194
284 168
29 247
81 243
196 214
98 106
97 44
16 205
20 10
101 257
124 84
104 8
124 85
94 66
280 213
35 163
35 6
249 233
76 23
174 97
208 213
177 13
247 230
33 256
202 251
102 96
24 158
42 167
180 53
64 115
247 217
280 177
101 64
77 256
75 243
279 194
275 229
78 93
268 171
204 170
39 40
137 16
61 74
11 77
100 168
124 200
212 166
14 216
264 194
54 169
144 134
124 54
135 23
229 263
146 242
264 254
136 17
242 265
24 174
227 210
115 104
84 146
204 250
31 5
267 172
81 248
94 28
20 157
56 146
199 194
177 14
76 164
190 198
114 138
154 108
54 58
208 192
141 255
46 185
180 84
36 149
56 80
179 54
34 46
256 200
44 118
246 160
281 203
211 165
213 164
24 203
167 1
142 89
155 33
260 173
60 60
24 165
173 215
172 53
225 211
36 125
98 37
179 35
76 30
216 211
21 234
205 233
24 70
197 177
21 155
257 173
193 224
21 8
269 184
118 134
82 259
100 49
140 227
75 227
64 124
97 69
116 189
115 147
160 120
59 195
104 186
266 172
84 90
144 36
81 86
137 29
164 31
17 76
232 181
175 5
34 258
82 173
54 138
198 179
220 214
176 3
176 108
244 261
36 263
94 263
12 176
136 56
270 249
135 202
98 259
136 239
18 194
83 233
288 170
280 253
16 95
214 166
96 3
99 257
135 226
76 29
114 178
162 104
22 26
16 84
138 24
119 183
266 251
229 240
217 215
270 240
280 216
211 257
201 231
144 185
64 45
35 87
155 78
248 213
282 255
47 202
59 140
211 212
159 149
211 232
222 159
228 239
42 176
64 171
75 166
19 240
271 172
179 14
135 116
204 211
273 188
95 124
82 26
124 43
32 5
251 162
58 47
247 261
104 222
59 176
269 191
219 238
77 203
32 13
164 154
175 88
171 216
55 15
176 64
163 93
162 78
260 197
243 221
111 107
76 239
140 239
155 3
211 260
180 15
144 109
35 207
162 114
42 14
24 136
15 97
71 5
181 17
114 19
236 161
184 136
85 1
56 189
61 29
214 214
144 88
84 223
144 274
199 179
55 79
155 116
19 95
272 236
84 252
64 161
24 85
18 116
139 249
61 194
20 45
179 110
15 94
249 234
238 182
55 156
24 31
104 226
144 190
35 14
58 30
174 53
160 5
44 38
174 7
24 137
37 7
78 147
144 3
115 139
277 207
55 117
160 8
100 126
252 258
98 54
130 57
24 101
15 16
124 147
60 30
96 109
159 20
144 99
98 15
131 46
259 171
44 183
175 38
40 235
75 285
178 68
80 169
96 143
92 170
11 79
198 248
44 115
164 145
182 106
230 159
104 249
180 83
61 76
64 47
122 188
164 59
139 86
15 246
144 104
267 253
75 225
175 57
16 90
155 4
226 263
212 165
101 217
217 160
114 6
157 9
192 238
279 179
164 71
222 223
81 225
142 215
24 15
238 242
72 45
22 155
24 128
102 187
42 277
142 174
229 216
19 184
140 46
134 70
124 141
220 206
64 63
64 70
36 270
41 155
160 159
279 201
144 60
57 16
263 193
86 65
15 5
44 83
135 118
112 107
76 45
35 164
193 198
171 1
14 195
24 73
277 197
120 96
266 170
32 6
104 147
141 254
144 65
142 86
97 170
60 193
21 143
94 96
77 133
142 56
144 248
104 256
81 114
259 167
18 226
96 104
21 37
136 97
84 67
94 27
286 166
118 196
104 37
63 138
156 114
38 45
207 173
95 136
161 46
68 187
248 163
77 95
21 25
184 125
164 94
55 73
174 106
15 36
41 257
279 208
140 207
76 44
178 10
273 170
137 143
192 225
95 56
17 20
74 44
142 204
44 65
132 141
116 190
242 180
84 50
156 34
56 198
121 87
94 143
13 4
243 227
177 34
133 143
96 129
104 5
268 251
56 107
184 171
182 65
84 258
136 221
184 43
142 214
42 46
44 221
84 118
99 96
112 106
75 138
272 237
115 25
184 56
64 184
155 29
137 206
97 70
281 215
184 186
119 189
75 179
117 10
114 146
100 23
139 239
102 66
110 96
258 257
106 202
75 26
154 64
64 88
257 165
36 18
55 155
44 182
122 8
18 216
51 5
82 16
122 173
54 77
139 80
24 133
135 107
180 19
190 226
35 257
278 168
161 114
164 39
75 93
80 284
164 140
156 97
142 44
197 245
21 225
139 57
178 69
134 254
180 205
94 23
137 176
160 14
40 183
55 153
80 249
95 30
94 137
281 221
15 196
258 251
38 149
181 66
121 63
179 66
44 214
144 180
266 246
114 43
40 106
78 210
19 126
37 169
237 244
62 163
116 3
59 66
124 121
117 153
84 261
272 240
41 228
22 148
135 30
77 64
35 274
155 149
164 3
135 94
155 114
161 147
144 276
72 200
212 191
211 167
164 32
45 187
268 246
35 269
226 209
75 287
75 277
186 8
281 254
56 74
177 63
275 170
224 159
17 43
41 176
84 246
71 49
