100
1000
19,-52,60,68,73
-4,-6,-79,83,91
-12,-13,-64,-89,-92
-14,28,38,-53,-88
-3,-10,-27,93
-12,70,-80,-91
-6,-46,51,61,75
21,30,-54,87,95
-0,-68,85,88
-0,8,-59,74
8,-44,-60,76,-86
-2,-11,-15,20,-27
1,2,-31,-37,91
-9,45,-70,81,-89
24,-31,-43,-53,-83
52,-73,-78,81,-85
-0,-5,49,51,-72
14,24,48,70,87
9,15,22,82
-16,-48,74,76,77
2,-44,54,61,62
17,33,-64,-84,88
-16,-22,-26,-29
-17,55,65,-90,-95
34,39,-49,-60,86
-14,-21,-52,-71,-98
6,14,43,83
-8,-18,-48,-50,85
1,48,80,-96
7,18,-19,-60,-84
29,-32,-45,68,75
19,23,57,-60,-71
-33,-62,70,-80,88
-15,-17,24,38,70
-41,-58,63,91
-41,51,94,-98
-15,24,30,75,-90
0,1,9,44,71
0,-10,-27,-35,-67
-28,42,-65,-78,94
2,-23,41,52,-96
-31,43,-44,92
-21,26,-43,-78,91
51,-54,55,84,-92
16,-42,44,59,76
7,-52,70,71,91
13,-24,30,49,58
20,22,65,71,-93
-9,48,55,-79,-90
23,33,-50,-55
-8,16,40,-54,88
11,28,70,-86
-5,18,44,60,72
-9,34,-54,-67,84
-22,-34,-51,60,-71
-0,-10,-15,33,57
-12,39,55,67,68
-46,-60,63,86,-87
-18,-24,56,-66,71
-60,-65,-89,90,-91
-0,24,31,44,64
1,-9,43,-44,45
-23,-38,82,-84,91
-24,34,60,66,93
-32,-48,57,-68,-86
9,-38,-62,83,-97
13,-47,48,-61,-92
-19,-40,44,69,-94
-2,-6,11,-31,36
-19,-39,-57,86,-87
-15,-40,58,82,89
-11,23,-51,-62,-78
-4,10,67,79
-68,-70,-74,79,97
20,27,-75,83,-84
-59,64,75,-80,-93
4,5,67,-75,-89
-28,-63,-78,-97,98
-21,-62,-64,82,88
18,-26,-61,-84
-9,37,-81,84,-95
15,17,65,-79,94
-10,29,-57,68
15,-20,22,36,61
26,44,57,63,-87
-5,9,49,-64,71
-17,-23,-29,-70
12,-18,-62,-67,68
-22,-43,-56,-77
-19,31,78,-83,93
20,22,66,-80,90
28,-84,-86,89,93
-0,1,-35,-76,-87
-17,85,90,95
8,-19,40,-69
-29,34,46,89,-98
32,33,-58,-59,-85
-10,16,47,52,87
66,-78,88,-89,96
-21,-25,-67,-75,-97
-40,-50,-70,76,-80
-9,11,64,-77,92
-18,-42,58,-72,-85
28,-51,-76,90,-93
-12,-20,-31,36,-86
-4,7,-16,19,-37
30,36,69,78,87
16,-30,40,-62,-75
11,29,-53,57
28,-54,-62,-96
13,-16,-61,-72,-84
-8,57,-60,-61,-83
35,40,-55,-78,91
20,25,48,-69,75
8,-22,-30,-48
7,24,-44,80,-87
22,-25,-34,-40,-85
-4,34,40,66,-77
12,-13,51,59,73
2,11,-39,-71,89
-7,-16,68,86,-88
-9,13,19,23,99
17,38,-79,80,92
2,-26,76,87,-96
46,60,70,83,-93
13,-32,-59,72,-76
-5,33,44,-69,73
15,-33,-48,-65,-69
11,-39,-66,-71,-94
-1,12,-54,59,75
-11,-18,-22,-41,57
14,16,54,-56,95
-4,55,-76,78,-85
-21,22,-48,86,-91
-5,-78,-85,-86
26,42,-45,-67
-11,33,-52,97
25,48,-67,77,97
17,26,62,72,-84
-5,67,-88,97,-98
9,-33,-68,89,91
-23,25,34,-80
-30,-51,73,-88,-95
22,53,54,-93,-97
9,-43,49,-52,67
56,-58,63,91,94
12,-18,-38,66,96
1,7,-34,52,-90
9,14,-26,-28,-46
-19,-21,44,-46,-81
-10,45,67,77,-86
-11,58,-60,-64,-69
-3,-14,-31,-57,91
-19,-34,79
-4,-42,47,-70
6,24,-50,-86,95
-35,-41,-63,64,-66
-29,33,47,60,-69
-3,21,78,-80,83
-15,27,-65,87,-90
13,-48,-64,-90,-91
-13,-45,-58,-68,76
7,-50,-88,-89,-98
-7,-10,-12,37,-53
-4,36,-72,76,-86
-13,-65,-66,71,-76
11,16,19,32,45
-42,-80,-87,-89
-59,62,-65,-84,-93
-52,69,80,-89,-92
-4,16,21,-69,-70
0,4,-32,44,-65
-18,40,-59,-73,-95
-1,-13,-62,-97,99
7,14,-40,-42,-52
3,11,-87,-93,96
-24,53,81,-90,97
-23,33,63,65,89
-50,-60,68,72,-87
7,-16,19,35,-68
6,-62,-66,-78,-94
18,-25,-45,-83
-2,9,-39,44,-81
14,-33,49,63,-97
-17,-27,38,55,-85
-41,49,-82,-90,98
-7,13,20,-22,-31
-22,48,52,-89,-91
-11,28,31,-68,96
-14,26,-70,-84,-85
12,-38,41,49,68
58,78,-82,-85,90
11,23,32,-62,-95
21,-29,-43,48,58
-6,35,49,-75,82
-29,36,-77,78,-94
-4,7,-19,51,70
-25,27,64,-86,-98
-13,-43,-78,89,91
21,-27,29,32,97
26,60,-75,76,80
1,-30,-39,51,88
-0,18,24,-40
-0,2,33,76,94
41,45,-48,96,-99
48,73,-83,95
6,32,-44,83,89
3,-27,-29,-42,-70
-31,39,-48,55,-79
-14,57,-74,75,-96
-23,-55,72,-81,-92
-13,28,-44,51,96
-45,56,61,82,-87
27,-49,54,-74
-31,42,61,-67,-90
46,-47,-66,-67,-70
20,-21,-22,47,-81
16,19,-32,-34,-63
-5,-29,41,-52,56
-4,22,-65,-95,98
-13,-36,-41,64,-65
7,-12,-14,-34,73
8,16,41,-98
-25,-59,-62,-63,94
-21,-49,-79,-84,88
-39,60,-73,81,-83
36,-43,65,-77,80
-10,-13,29,-77
-31,-39,-56,85
-14,25,44,89,-92
-13,-26,-62,-73,91
-4,-25,-59,60,-61
-5,-53,62,70,-98
9,27,45,51,-56
1,-8,40,65,-93
-40,-60,71,72
-11,-21,57,60,86
20,-28,-50,-87
20,-27,-47,75,93
14,-31,32,-49,84
-14,-24,40,-79
36,39,57,68,79
-50,-57,66,-69,-81
-31,-34,-46,-94,98
27,36,41,-44,80
6,-7,-32,-59,86
-2,4,-19,42,-70
-19,-36,59,-73,75
5,-21,26,-53,-90
42,-46,-55,74,-93
-4,12,51,-59,91
38,72,80,-90,92
10,11,-31,43,-77
-1,36,-45,-66,81
-10,-28,-31,32,-33
13,-62,65,68,86
10,21,-73,-97
26,-33,-40,-62,66
-17,-55,78,-95
-19,-24,51,-63,-98
23,49,-52,80,-93
-9,-50,-71,92
7,9,-17,36,-66
-3,-4,78,-83,-87
7,21,26,30,-57
-30,47,55,-90,-94
11,24,30,-67,-69
12,-15,-78,-93,95
27,-51,73,85,-92
13,18,27,-31,-77
8,-11,17,46,60
-0,-8,28,56,99
10,-12,-32,-40,65
-36,-57,62,69,-94
-31,-43,-48,-52,93
-47,-61,-62,75,-85
-11,13,22,24,-71
-22,28,61,79,98
-23,-50,-56,-86,-92
18,34,61,-67,85
52,-54,-63,66
29,37,48,74,88
15,45,-53,-58,-87
-5,24,-66,-90,93
11,42,-61,74,79
6,25,33,41,-93
13,-25,-48,64,83
0,23,54,-60,80
38,-55,-56,-91,99
11,17,-35,-48,-93
24,-25,-26,-40,-83
4,-72,-79,-85,-91
37,40,-64,-75,93
13,-55,-76,78,-81
7,10,-55,-90,95
9,12,-26,-53,-55
-0,-17,54,-83,-88
-5,71,88,-91
-13,-35,36,-80,-86
-34,-41,-43,87,94
-13,27,-71,76,81
20,-29,37,-39,-98
-7,49,-51,87,91
-6,8,67,74,83
3,17,37,-38,43
3,16,29,-47,67
35,44,57,64,-82
-2,6,17,51,91
-1,-3,11,16,68
-12,-26,-31,-65,93
9,31,57,-73
10,-43,-50,-52,83
-27,-33,-38,-59,-91
44,-62,-74,-81,82
37,-47,-51,-66,-77
-17,34,-49,-67,-86
-35,54,55,63,-85
0,-11,18,27,30
-0,-30,-61,-78,-96
22,36,86,90,95
-8,12,31,32,-50
0,-25,37,-73,-87
2,3,29,-93,99
-15,-53,65,71,73
44,45,-60,-77,-93
19,-32,57,-66,-85
-19,-40,71,94,-98
34,-58,68,69,-75
-74,77,81,-83,94
-4,11,-18,-38,-84
38,73,75,-92,-93
5,39,-55,68,-86
-23,-37,39,62,77
1,-4,-8,35,-40
8,-27,-51,-55,-98
19,52,-64,74,99
36,45,-56,-57,62
0,17,-30,55,-82
-1,32,47,-84,96
11,-22,67,-75,90
38,43,46,-56,-67
22,-30,59,-86,-96
-16,48,-57,-65,98
23,35,53,94,-99
-17,-28,-54,-68,-96
-11,25,40,79,-88
37,58,-59,-70,94
33,-35,-49,-75
1,19,-82,89,-94
4,17,25,47,71
-15,-24,38,-52,61
-39,50,-54,59,-66
4,-36,43,-90,-92
22,29,-60,-74,-97
-24,-28,36,43
24,-31,-61,-83,88
27,-50,66,-68,87
16,31,38,-49,62
15,-45,-55,90
-37,71,-78,-80,89
-2,65,-69,79,83
-4,-34,-37,41,-97
16,-34,-40,-51,-59
18,76,81,-99
-8,19,35,-43,51
-20,26,46,78,-98
-6,-26,31,33,99
-10,49,61,79,-91
1,2,-21,-79,95
3,-29,46,-64,-85
34,45,-94,98,99
-3,22,38,-42,-66
-8,18,19,-30,71
3,47,-60,74,-87
16,-20,28,-40,51
-20,-34,-54,55,-59
-11,25,-47,53,-95
21,-52,69,-76,-89
-0,49,51,62,98
-10,-11,22,44,71
-20,-24,-37,-49,-85
4,40,70,-85,-93
-29,57,60,-95
-12,-65,-67,-71,78
32,38,41,60,-68
-0,-18,27,38,99
31,46,-66,84,91
-45,46,66,70,-80
-27,29,55,-73,-82
1,33,41,46,-58
-26,31,-59,63,-75
-2,-8,-21,-24,-60
3,6,36,-37,-58
-46,50,78,97,-99
-63,73,-78,81,83
30,-44,-54,73,92
10,34,36,62
-27,-36,48,-76,-83
-13,31,-40,44,85
-41,45,-49,-54,-66
-15,41,-42,-78,-90
45,-46,-48,-64,-94
41,45,56,-87,94
-30,-31,48,91,-94
2,-22,-27,54,59
-2,3,-17,30,49
11,30,35,59,-81
3,19,57,58,65
-5,20,39,66,-92
3,-14,34,-53,-74
-35,36,-42,-70,98
-1,-37,52,-76,93
-1,16,-24,-36,84
5,-27,-76,78,82
-1,5,-35,-37,77
-3,12,59,87,-98
18,-23,-40,81,-98
-8,15,-32,67,88
22,31,-57,68,-94
-43,-49,58,-76,-83
14,15,18,37,-55
-1,13,30,-32,91
-18,33,-35,44,-73
-23,24,-37,56,-69
3,22,-34,-36,56
-4,29,-36,78,97
-10,-32,39,51,-85
-1,-12,26,61,-94
-15,16,-68,-76,-79
-1,4,30,65,-73
-31,64,69,76,-95
4,-25,60,-91
2,-16,24,-29,30
-5,10,-18,-39,-52
6,-8,-58,-75,92
-44,59,-71,-76,-85
2,-18,61,77,87
0,-1,-7,-14,-79
1,16,26,-61,-73
1,23,44,71
-11,-18,37,53,81
-12,-37,46,-66,-99
-18,33,43,47,99
-8,-62,-65,69,86
13,-20,79,81,85
42,44,51,-72,89
19,28,-44,-47
-17,31,54,-89,97
57,60,-61,-70,88
-10,-12,-15,-38,70
-17,-50,-59,72,84
21,23,-24,-34,-43
3,-14,-25,45,-63
-19,26,-58,-65,72
-6,-7,-39,65,-89
-0,-13,-18,46,73
31,64,-69,-87,95
40,-42,43,-71,99
1,18,31,-54,68
-5,-64,71,-76,-99
-5,63,69,85,97
15,-18,-52,81,-87
-22,-49,-51,79,96
3,68,-81,91,-99
-12,39,56,-61,91
1,-4,-42,-82,-88
-45,-73,85,89,-95
12,33,-44,87,-92
-0,-3,12,65,66
-13,16,-31,52,99
-9,-38,42,-46,-84
8,-23,34,42
25,34,48,-83,91
-30,-65,-73,-82,90
-2,9,-46,-58,-64
8,19,32,34,-66
-2,12,55,-56,-59
-23,46,70,77,88
15,-30,-49,72,81
-12,33,-56,62,97
-16,41,47,56,96
-0,-41,70,-88
-32,-38,65,-66,-73
-2,33,-51,53,-65
0,-2,14,55
-8,-20,-37,60,-87
-2,55,-80,92,96
40,45,-48,-55,78
-9,25,31,69,90
1,19,51,-85,-92
-44,50,-59,-68
0,31,42,-54,69
-21,50,-65,84,98
-9,42,49,-56,-88
7,-30,33,45,93
-1,11,-34,-43
19,-32,-46,63,64
1,53,-58,-59,88
-6,10,60,91,95
-17,-25,59,-85,-99
15,22,49,66,93
19,24,27,-46,70
-0,-40,-50,-67,-72
6,-14,15,-45,-90
7,10,-28,34,-54
12,36,70,-76
-32,-44,-45,-70,88
22,-35,-50,-51,-87
17,-28,38,59,73
31,-62,71,86,92
34,-47,52,-83,-89
5,60,69,70,75
-6,-15,20,23,-72
-12,-17,32,-44
26,-48,71,88,-95
-5,-14,-45,-75
-8,-13,28,-63,74
11,22,-69,-80,98
-0,35,-57,-68,-80
-14,21,-26,-45,-64
23,66,-68,-88,89
-25,-34,-48,-61,-62
-27,29,30,-62,77
0,-1,66,77,97
7,-41,-45,67,93
19,41,-43,78,89
22,43,-85,-86,92
5,13,53,75,-84
17,54,63,65,-90
-3,-35,-46,60,98
11,23,53,58,85
-21,31,39,-60,84
23,-26,-37,46,67
2,-74,-84,86,-90
29,-76,-92,97,-99
5,46,72,94,95
-25,28,60,83,-89
-1,-14,-23,50
22,-26,-42,57,59
-35,-39,61,-82,99
-33,-35,-50,78,94
-3,-4,48,-69,-86
-9,27,43,-53,-60
2,-38,43,75,-96
13,27,-43,74,90
22,27,-61,72,81
-23,88,96,-99
48,-54,74,85,-90
40,-44,-63,82,-87
3,-8,-12,-37,-72
-18,52,-57,-59,-73
0,-31,-43,50,51
-48,65,-74,-90,91
10,-16,-28,-54,78
-11,-55,56,78,85
15,49,-61,72,-88
-40,-44,-75,88,-91
29,37,66,-91,-94
-55,-58,73,-93,-99
12,21,-43,-68,89
5,-32,-48,85,99
-11,62,65,71,-97
-25,52,-53,-82,93
-45,-55,-71,-83,-88
-1,2,-16,-79,95
-11,14,-62,-66,69
2,-46,-48,85,94
4,8,17,64,88
-13,25,51,77,-94
34,-48,-80,-92,-94
-12,57,78,-86,-95
-33,-72,75,95
-5,24,42,-56,-91
-14,16,-53,59,77
36,-51,53,83,-89
-14,-16,22,34,43
6,30,54,62,-95
22,-46,79,-96,97
14,39,-45,-50,-56
13,36,-37,-55,-63
34,-50,81,83,94
13,-40,70,-71,-94
14,26,45,80,84
8,11,-31,39,-88
9,24,-26,37,-57
-16,-33,-67,82,86
19,24,-27,-30,-58
-1,3,15,56,-91
-20,-47,-55,72,-97
-14,-30,-33,-66,82
-44,51,76,-79,-94
-64,72,78,88,-98
-8,-10,-21,49,79
-17,-28,-42,69,-89
-6,-36,86,97,99
-0,-6,21,-39,85
-44,60,74,-84,93
15,25,-32,-44,45
13,-53,72,-78,-94
10,-17,31,87,96
-17,45,-46,-87,-98
-1,-6,42,63,91
-10,23,-56,-73,98
-6,16,27,58,-96
0,-16,70,-76,-94
-38,-40,62,75,-79
-5,-9,-34,51
22,-29,-43,53,-98
10,18,42,-48,57
-13,54,-61,-66,-91
23,42,69,-83,-97
-10,11,40,-65,-73
46,-50,-54,56,-76
5,33,48,-65,66
-31,41,-51,-93,-99
-5,-46,-71,-94,-98
-14,20,58,-60,-63
-2,-13,52,-78,-79
-18,-35,59,-74,96
17,-37,-47,57,-76
-29,-42,58,65,-90
4,-10,25,-33,-87
-2,-16,23,-33,-97
0,-1,30,-37,40
-16,17,72,-73
-7,-56,69,-94,95
-36,49,-77,85,-88
2,-56,82,-92,98
21,-49,-51,-59,-95
-7,-22,-44,-51,-88
8,17,37,-49,65
19,51,-83,89,-93
0,-5,15,23,-96
-8,-22,-33,65,-67
-2,-29,-67,69,79
-16,-18,-49,-73,-91
12,24,36,-70,81
-10,-19,27,43,62
5,7,-8,-11,-44
-4,-31,-52,-53,-92
-18,23,27,-28,-80
11,67,-79,95,-98
-7,-15,36,57,-74
1,-12,35,-83,98
-3,-6,-29,-33,73
6,45,-49,51,-94
44,-48,-69,74,-97
28,-40,-80,88,-95
-3,-6,30,38,57
-0,-47,-56,-83,-95
-3,-10,14,-35,-97
33,61,72,-80,-93
25,30,52,-53,90
-14,16,-70,76,-88
41,56,-73,-82,97
-11,-41,-44,80,98
7,42,-43,71,97
16,18,53,-73,-95
-5,23,28,99
25,-31,-45,59
-9,-22,33,34,-60
-15,-22,26,-39,80
33,-34,42,-43,59
-43,-44,69,75,86
-11,-44,-59,-67,94
-21,-24,-47,81,-83
-0,-12,16,44,-54
-2,12,63,-68,91
-5,13,-49,-67,93
2,-17,-71,-86,-91
-40,-49,74,-76,-89
27,76,-80,84,85
-13,18,19,23,-80
29,46,60,-62,-88
-0,7,-22,-44,61
15,-33,-72,74,-85
-14,-47,65,-85,-95
39,-46,-70,-84,-89
-55,65,-81,84,-89
-2,-29,-35,-42,-83
6,7,-12,-57,-94
-40,42,-54,60,-92
-1,-30,-65,-78,-89
37,40,42,-94
12,-16,-22,39,-84
-2,-3,-65,-72
-3,-23,-69,79,-89
-2,29,60,90
23,35,-38,-60,-85
-13,61,70,-82,-91
-15,31,34,49,97
5,16,19,43,67
-2,15,46,58,92
11,21,29,81,89
14,-57,71,72,-75
-18,56,-62,87,-97
-14,-15,61,-78,-80
-21,-42,-49,90
-4,5,-16,39,55
39,-51,-71,-72
1,-9,30,59,66
-44,-62,-67,71,89
-37,57,64,-74,-93
26,-33,-77,-83,94
24,55,-56,-88
9,-22,-50,-69,91
-10,17,-22,-69,-72
4,9,-14,65,76
-4,-8,37,-64,73
6,-23,-51,76,-77
-38,42,-44,-54,99
15,-36,-51,-67
22,33,42,-60,62
21,-25,48,59,74
4,-10,-31,54,-97
-28,34,62,67,-71
-4,12,24,-48,94
5,-12,54,-90,-93
24,-49,52,85,90
3,14,-32,89,97
29,43,59,-66,-95
7,-16,-19,-83,96
23,69,-96,-99
42,-49,-62,-87,93
-2,-19,-68,70,80
-40,-52,63,67,94
13,-44,-57,72
-3,-17,-41,65,-79
21,-66,-68,-74
-15,-54,58,-93
16,-36,-58,67,-79
0,31,59,-71,-74
-27,-35,-41,-53,90
-17,-20,-22,65,-76
8,15,-34,35,42
-3,-30,-47,-83,84
11,27,-65,81,-82
-2,21,31,-43,74
-3,22,-46,-65,-69
39,-44,-56,-64,-76
-29,31,-35,-87,-97
-34,-35,-52,99
35,48,-80,-82,-95
27,-31,-40,-45,-83
-21,62,-72,80,87
12,-23,-39,-72,84
-17,30,-56,93,-95
1,51,91,-93,-97
-14,32,-66,-68,93
7,-33,68,-69,91
-1,-3,16,-19,-49
-14,39,-43,-54,-62
27,-40,48,76,-99
-8,-17,-60,-80
4,-17,25,-61,98
-10,-14,46,52,-87
12,14,47,-58,-69
-1,-7,16,-64,-72
-21,26,52,74,94
1,9,26,56,63
9,-15,31,-72,74
-3,-39,-45,-55,63
4,-6,-42,58,-91
22,-43,-45,64,70
-8,46,70,94,96
25,31,33,53,-74
15,16,-52,57,-75
11,-51,63,-92,94
-14,17,79,-88,-96
25,-33,35,-44,-82
-6,-31,-44,84,-88
26,27,-28,-48,98
24,42,67,-72,78
4,16,-43,72,98
-53,65,-82,-96,-97
-3,38,42,50,-91
5,33,81,99
23,-29,47,49,-79
-8,9,-16,42
1,9,41,46,-54
9,11,13,-30,-88
-22,45,-53,56,86
37,-50,52,66,81
33,54,56,80,86
1,-38,45,55,-70
8,21,-34,-84,90
-1,35,36,61,-72
-25,-28,-37,55,81
-13,47,52,55,63
-1,2,-32,-35,77
-15,41,-61,-75,99
-2,-8,-31,35,51
5,-13,38,69,-98
4,-55,64,-88,-92
-11,56,57,-69,72
-29,-39,-51,76,83
-22,-37,68,-78,-88
-16,23,38,-83,88
18,24,-65,-80,-94
10,13,-59,68,88
44,-62,68,-79,-85
5,22,25,86,-90
-6,-18,-19,-50,96
6,14,-15,-34,76
-0,21,52,60,-62
-5,-11,26,45,-88
11,17,30,-62,77
14,-46,80,94
29,37,64,78,89
38,-42,-47,-85,-99
2,-55,-77,82,-83
13,-19,-68,-70,87
19,49,-69,-77,90
2,16,-63,-71,85
16,23,32,42,-96
-34,-46,67,-71,-88
3,-53,62,-78,92
49,-60,-63,-76,-90
13,19,25,56,-71
-2,40,-46,73,-74
27,35,-73,74,-93
20,-26,-66,88,94
17,20,-30,60,-94
48,53,-60,-75,94
-20,23,-48,78,-79
32,-34,36,-62,84
-3,-28,55,-62,-69
-6,11,-19,44,54
31,39,-43,-75,96
-8,23,-41,63
-1,-13,15,71,-87
8,28,-44,-70,-76
-7,-28,35,-70,-71
8,-38,54,-79
29,51,-88,-90,91
7,31,-34,40,-84
9,17,-28,-51,-83
-38,-44,51,-75,-83
-3,13,-22,61,89
-45,-46,73,-90
-31,-64,70,-95
25,60,70,-88,89
-19,33,60,72
-1,22,39,-75,-82
-35,48,74,77
-8,10,-27,-57,-95
-16,-34,65,87,-98
3,33,-45,64,-65
-15,63,-70,82,-95
-34,-63,-80,-82,85
9,-29,41,-42,65
-39,-46,74,-92
-3,6,22,48,-77
-1,-9,-32,44,-54
9,10,14,95,97
22,-48,59,-80,88
18,-35,-37,-40,52
-0,-4,-39,41,79
-12,-41,-51,-93,96
-35,-39,67,76,86
-14,28,46,-77,-92
-27,35,51,71,-78
-12,31,40,-43,81
22,-44,72,-86,93
5,7,22,-26,93
-13,22,38,74,-88
-28,32,-61,-64,-91
4,6,-22,36,49
-16,28,47,-50,-87
28,-37,38,-62,77
-16,22,28,-52,-66
-2,20,-39,40,79
11,-28,-48,51,91
31,-37,-42,62,-81
-22,-23,-49,-83,-93
36,-54,-79,87,-99
1,-16,-24,92,98
20,-37,-47,51,-54
9,-34,-52,-77,-83
-36,-38,44,-84,-94
24,25,35,52,83
27,-37,-79,-83,-91
8,9,-15,71,76
24,-31,-45,60,80
-21,25,-49,65,-77
-23,-25,-67,74,98
25,37,52,53,69
37,-45,-55,-65,74
-28,43,71,-87
15,31,35,39,-78
9,-18,-45,56,-66
57,65,-67,-70,-85
-13,22,27,-93,98
23,-31,-32,40,-61
-13,-48,74,83,96
9,22,-31,79,81
15,-43,-46,-68,77
-11,13,49,-57,61
-33,59,-66,-71,81
0,-31,40,84,91
-20,40,-46,-58,63
-12,-14,-28,-63,-78
-31,35,-46,59,91
-9,-38,58,96
-8,-20,25,-32,73
-13,21,43,-53,73
48,-62,-84,-91,97
-1,-17,40,41,-42
17,45,-52,62,-86
-0,9,27,46,-82
9,-24,-28,76,-92
19,48,-78,-80,-92
26,-37,-44,-45,-56
-22,51,-60,-86,-88
-6,-39,51,-87,-91
9,-31,33,-46,65
4,-15,-26,-57,73
38,-62,76,-83,88
-4,19,39,46,80
21,25,29,-50,84
-4,71,73,-76,82
-32,39,-58,-92,99
6,-20,-24,-60,-63
-17,56,64,-82,-89
-12,-40,-51,55,63
9,12,20,-25,68
-12,-38,-48,-72,-88
-12,-13,20,-22,58
25,30,35,93
12,51,-67,-70,-84
-59,-71,73,-76,-87
24,38,54,-56,81
-2,17,-33,-88,96
-37,63,-64,-70,-98
-26,55,86,89,-93
4,-10,-42,-53,-64
-17,-26,47,-56,-75
22,-24,-74,-82,-97
-12,21,-44,48,81
29,-32,-73,-86,95
2,-34,47,-74,-99
-25,59,-68,77,94
-29,-31,61,62,-97
1,-23,28,-66,-90
-0,12,13,34,40
17,-28,29,36,-62
-3,-37,-65,75,-81
4,-39,52,-64,77
-10,-17,-40,-77,98
-16,-19,-50,-76,-97
38,-51,-72,-74,-99
-4,40,45,-49,76
5,70,82,-86
45,68,84,-85,-94
-11,-19,55,-79,85
47,53,61,84,85
8,25,-46,-78
-11,-51,54,-62,-75
24,-34,-40,85,95
-8,-12,37,65,-78
-17,-50,-73,-85,93
-15,58,95,-97,-98
50,-80,-91,-98
-4,-60,-82,-88,94
27,58,68,-69
-34,-46,-75,-98,-99
32,-57,-74,-82,-95
18,35,63,-71,-85
-7,32,60,71,-76
40,47,-52,76,-99
10,44,66,67,90
11,-37,52,-78,90
-25,-42,72,81
-0,15,-19,43,-55
19,46,58,-59,-64
1,-58,-76,-78,98
-16,-24,-56,70
0,5,-7,35,97
-4,-11,-27,62,87
9,26,51,59,68
17,24,-29,55,73
-6,57,-73,-77,-86
6,32,43,72,-95
-20,45,-79,85,-99
20,-34,-54,-73,92
0,-43,-87,90,94
1,9,-53,73,80
-16,-27,-52,91,-96
6,-37,68,80,93
1,-7,-47,52,74
-31,-37,-67,-70,-90
26,29,40,-52,-84
-29,-39,-49,80,-87
-23,-25,62,-96
-6,28,-39,64,68
0,33,-40,-48
57,-62,72,77,78
6,30,35,55,-68
78,79,85,93,97
8,-13,14,61,-76
