20
100
-3,8,12,14
-5,14,19
0,6,8,10
-7,-11,14,-17
0,1,-6
-0,-4,-15
1,-3,-15,18
-7,-10,13,-14
-9,-12,-16
-14,-15
4,-5,17,19
10,-12,-17,-19
3,-6,7,-15
1,-2,3,-6
4,5,-12,17
-1,9,11
-2,5,7,18
6,12,-16,-18
-5,-16,18
5,-7,-12,-18
4,5,7,-11
-1,-2,-17
4,-9,-18
1,-10,17,18
-2,4,11,15
-4,-14,15,17
1,-2,3
-9,-15,-17
6,14,-15,-16
5,8,9,11
0,2,3,-13
-0,6,13
0,3,8,-11
-7,11,14,19
0,-1,6,12
5,-12,13,-17
-10,-11,-14,18
1,14,-15,16
-0,4,-8,18
6,-10,-15
-5,-8,-9,-17
-7,-10,12,-17
4,11,13
-6,7,-10,15
-12,14
0,6,-8
-7,8,-16,18
-0,1,6,14
10,12,17
-1,2,18,19
1,-7,12,13
3,6,-12
-1,5,7,-14
-1,-5,-11,17
-1,13,-18
6,-7,12,17
-4,8,-16,-17
1,-4,-7,16
-3,-4,-7,-8
-8,-9,-12,-16
3,6,14,-19
0,-7,-16
1,-5,6,19
1,4,-8,-15
3,-13,-14,19
-7,10,-13,-19
0,-1,6,13
-4,13,16,19
-1,6,-9
-2,9,14,19
-1,-2,-13,-17
10,11,-12,-15
-1,7,17,19
-8,9,15,17
0,6,7,-10
2,14
-1,-11,15
0,4,-5,10
0,-4,-6
-1,-8,-18,19
-0,6,10,-16
-1,10,-13,15
2,3,-5,-17
7,-18,19
0,-4,-15,16
-0,-8,12,17
3,-4,-12,-16
-4,-17,-19
-9,16,-18,-19
-3,10,-13,17
13,15,-16
-3,-11,17,-18
14,-16,-17
-4,10,-13,-19
-1,-3,-12,-15
-2,-4,-15,18
-3,4,-17,19
-12,-13,-14,16
-2,3,-13,17
-6,-10,11,-14
